Time	A1	A2	A3	A4	A5	B1	B2	B3	B4	B5	C1	C2	C3	C4	C5	D1	D2	D3	D4	D5	rep	exp
0	0.108	0.11	0.108	0.109	0.107	0.107	0.104	0.103	0.104	0.106	0.106	0.109	0.109	0.109	0.107	0.107	0.107	0.106	0.107	0.111	A	OD
600	0.108	0.11	0.108	0.109	0.107	0.106	0.103	0.103	0.104	0.106	0.106	0.109	0.108	0.108	0.107	0.107	0.106	0.106	0.107	0.111	A	OD
1200	0.109	0.11	0.108	0.109	0.106	0.107	0.103	0.103	0.103	0.106	0.106	0.108	0.108	0.108	0.107	0.107	0.106	0.106	0.107	0.111	A	OD
1800	0.109	0.11	0.108	0.109	0.106	0.107	0.103	0.103	0.103	0.106	0.107	0.108	0.108	0.108	0.107	0.107	0.106	0.106	0.108	0.111	A	OD
2400	0.11	0.11	0.107	0.109	0.106	0.107	0.103	0.104	0.103	0.105	0.107	0.108	0.108	0.108	0.107	0.107	0.106	0.106	0.108	0.111	A	OD
3000	0.111	0.11	0.108	0.109	0.106	0.107	0.103	0.104	0.103	0.105	0.108	0.108	0.108	0.108	0.107	0.108	0.106	0.106	0.108	0.111	A	OD
3600	0.112	0.11	0.107	0.109	0.106	0.108	0.103	0.104	0.103	0.105	0.109	0.109	0.108	0.108	0.107	0.109	0.106	0.106	0.108	0.111	A	OD
4200	0.114	0.11	0.108	0.109	0.106	0.109	0.103	0.104	0.103	0.105	0.11	0.109	0.108	0.108	0.107	0.11	0.106	0.106	0.108	0.11	A	OD
4800	0.117	0.11	0.108	0.109	0.106	0.109	0.103	0.104	0.103	0.105	0.112	0.109	0.108	0.108	0.107	0.112	0.106	0.106	0.108	0.11	A	OD
5400	0.12	0.111	0.108	0.109	0.107	0.111	0.103	0.104	0.103	0.105	0.115	0.109	0.108	0.108	0.107	0.114	0.106	0.106	0.108	0.11	A	OD
6000	0.124	0.111	0.108	0.109	0.106	0.112	0.104	0.104	0.103	0.105	0.118	0.109	0.108	0.108	0.107	0.117	0.107	0.106	0.108	0.11	A	OD
6600	0.13	0.111	0.108	0.109	0.106	0.114	0.104	0.104	0.103	0.105	0.123	0.109	0.108	0.108	0.107	0.121	0.107	0.106	0.108	0.11	A	OD
7200	0.138	0.112	0.108	0.109	0.106	0.116	0.104	0.104	0.103	0.105	0.129	0.11	0.108	0.108	0.107	0.127	0.108	0.106	0.108	0.11	A	OD
7800	0.149	0.112	0.108	0.109	0.106	0.119	0.104	0.104	0.103	0.105	0.139	0.111	0.108	0.108	0.106	0.134	0.108	0.106	0.108	0.11	A	OD
8400	0.162	0.114	0.108	0.109	0.106	0.122	0.105	0.104	0.103	0.105	0.149	0.112	0.108	0.108	0.106	0.144	0.109	0.106	0.107	0.11	A	OD
9000	0.175	0.115	0.108	0.109	0.106	0.126	0.105	0.104	0.103	0.106	0.165	0.113	0.108	0.108	0.106	0.158	0.11	0.107	0.108	0.11	A	OD
9600	0.193	0.117	0.108	0.109	0.106	0.137	0.105	0.104	0.103	0.106	0.181	0.115	0.108	0.108	0.106	0.172	0.112	0.107	0.108	0.11	A	OD
10200	0.211	0.12	0.108	0.109	0.106	0.143	0.106	0.104	0.103	0.105	0.196	0.117	0.108	0.108	0.106	0.185	0.115	0.107	0.108	0.11	A	OD
10800	0.228	0.124	0.109	0.109	0.106	0.154	0.107	0.104	0.103	0.105	0.215	0.121	0.109	0.108	0.106	0.2	0.119	0.107	0.108	0.11	A	OD
11400	0.247	0.129	0.109	0.109	0.106	0.168	0.108	0.104	0.103	0.105	0.234	0.126	0.109	0.108	0.106	0.215	0.124	0.108	0.108	0.11	A	OD
12000	0.27	0.136	0.11	0.109	0.106	0.181	0.11	0.104	0.103	0.105	0.256	0.133	0.11	0.108	0.106	0.233	0.131	0.109	0.108	0.11	A	OD
12600	0.296	0.144	0.11	0.109	0.106	0.193	0.112	0.105	0.103	0.105	0.28	0.144	0.111	0.108	0.106	0.255	0.14	0.11	0.108	0.11	A	OD
13200	0.322	0.156	0.112	0.109	0.106	0.209	0.115	0.105	0.103	0.105	0.308	0.155	0.112	0.108	0.106	0.277	0.15	0.112	0.108	0.11	A	OD
13800	0.35	0.169	0.113	0.109	0.106	0.225	0.118	0.105	0.103	0.105	0.333	0.169	0.113	0.108	0.106	0.304	0.161	0.114	0.108	0.11	A	OD
14400	0.379	0.183	0.116	0.11	0.106	0.239	0.123	0.105	0.103	0.105	0.369	0.183	0.116	0.108	0.106	0.328	0.173	0.117	0.108	0.11	A	OD
15000	0.412	0.198	0.119	0.11	0.106	0.255	0.13	0.106	0.103	0.105	0.398	0.199	0.119	0.109	0.106	0.356	0.187	0.121	0.109	0.11	A	OD
15600	0.449	0.216	0.123	0.11	0.106	0.274	0.137	0.107	0.103	0.105	0.437	0.216	0.123	0.109	0.106	0.375	0.199	0.126	0.109	0.11	A	OD
16200	0.481	0.236	0.129	0.111	0.106	0.293	0.145	0.107	0.103	0.105	0.474	0.237	0.13	0.11	0.106	0.402	0.215	0.133	0.11	0.11	A	OD
16800	0.506	0.258	0.136	0.112	0.106	0.312	0.154	0.108	0.103	0.105	0.507	0.258	0.138	0.11	0.106	0.426	0.228	0.141	0.111	0.111	A	OD
17400	0.536	0.284	0.145	0.113	0.106	0.333	0.166	0.11	0.104	0.105	0.54	0.281	0.148	0.112	0.106	0.455	0.244	0.15	0.113	0.111	A	OD
18000	0.56	0.309	0.155	0.115	0.106	0.349	0.178	0.112	0.104	0.105	0.569	0.306	0.159	0.113	0.106	0.476	0.264	0.161	0.115	0.111	A	OD
18600	0.577	0.339	0.171	0.117	0.107	0.373	0.192	0.114	0.104	0.105	0.605	0.334	0.173	0.115	0.106	0.503	0.279	0.172	0.117	0.111	A	OD
19200	0.599	0.37	0.186	0.12	0.107	0.401	0.206	0.117	0.104	0.105	0.633	0.363	0.188	0.118	0.106	0.527	0.301	0.184	0.12	0.112	A	OD
19800	0.611	0.399	0.204	0.124	0.108	0.419	0.222	0.121	0.105	0.105	0.663	0.397	0.206	0.122	0.107	0.549	0.313	0.198	0.124	0.112	A	OD
20400	0.628	0.435	0.222	0.13	0.108	0.442	0.237	0.125	0.105	0.105	0.688	0.427	0.223	0.128	0.107	0.571	0.344	0.21	0.129	0.113	A	OD
21000	0.637	0.454	0.244	0.136	0.109	0.456	0.254	0.13	0.106	0.105	0.705	0.464	0.239	0.135	0.107	0.613	0.361	0.223	0.135	0.115	A	OD
21600	0.657	0.474	0.266	0.145	0.11	0.472	0.274	0.137	0.107	0.105	0.731	0.492	0.265	0.144	0.108	0.647	0.382	0.237	0.142	0.116	A	OD
22200	0.667	0.507	0.291	0.156	0.111	0.49	0.29	0.145	0.107	0.105	0.74	0.527	0.282	0.155	0.109	0.687	0.401	0.25	0.15	0.118	A	OD
22800	0.674	0.531	0.319	0.169	0.113	0.51	0.306	0.154	0.109	0.106	0.751	0.553	0.309	0.168	0.11	0.702	0.424	0.266	0.158	0.121	A	OD
23400	0.69	0.548	0.337	0.185	0.116	0.535	0.323	0.164	0.11	0.106	0.764	0.577	0.337	0.183	0.111	0.729	0.451	0.281	0.168	0.124	A	OD
24000	0.695	0.57	0.364	0.204	0.12	0.553	0.342	0.175	0.112	0.106	0.781	0.602	0.361	0.198	0.114	0.747	0.459	0.298	0.179	0.129	A	OD
24600	0.702	0.591	0.399	0.223	0.125	0.573	0.356	0.187	0.114	0.106	0.787	0.631	0.399	0.216	0.117	0.746	0.499	0.318	0.19	0.134	A	OD
25200	0.715	0.615	0.426	0.244	0.131	0.592	0.371	0.2	0.117	0.106	0.788	0.646	0.435	0.235	0.122	0.759	0.505	0.341	0.201	0.141	A	OD
25800	0.725	0.629	0.464	0.267	0.139	0.611	0.39	0.215	0.12	0.106	0.793	0.663	0.471	0.257	0.127	0.765	0.528	0.358	0.213	0.148	A	OD
26400	0.729	0.644	0.491	0.291	0.148	0.628	0.405	0.23	0.124	0.106	0.8	0.675	0.509	0.279	0.135	0.779	0.546	0.376	0.226	0.156	A	OD
27000	0.737	0.664	0.515	0.316	0.161	0.644	0.423	0.247	0.128	0.107	0.808	0.685	0.54	0.303	0.144	0.783	0.559	0.392	0.239	0.166	A	OD
27600	0.746	0.674	0.532	0.344	0.174	0.66	0.439	0.263	0.133	0.107	0.808	0.692	0.571	0.328	0.155	0.78	0.566	0.408	0.251	0.177	A	OD
28200	0.743	0.684	0.549	0.375	0.193	0.672	0.455	0.282	0.139	0.108	0.815	0.699	0.597	0.358	0.168	0.785	0.577	0.419	0.266	0.188	A	OD
28800	0.752	0.699	0.562	0.402	0.212	0.686	0.471	0.298	0.146	0.109	0.827	0.702	0.619	0.387	0.184	0.783	0.6	0.437	0.281	0.2	A	OD
29400	0.747	0.698	0.582	0.43	0.235	0.698	0.485	0.315	0.153	0.109	0.829	0.708	0.635	0.424	0.201	0.784	0.617	0.451	0.291	0.213	A	OD
30000	0.75	0.716	0.591	0.459	0.256	0.71	0.5	0.331	0.161	0.111	0.83	0.719	0.648	0.46	0.221	0.781	0.625	0.465	0.312	0.227	A	OD
30600	0.757	0.729	0.605	0.487	0.28	0.715	0.509	0.344	0.17	0.112	0.837	0.728	0.664	0.492	0.242	0.787	0.632	0.482	0.326	0.24	A	OD
31200	0.755	0.738	0.616	0.499	0.304	0.731	0.525	0.36	0.18	0.114	0.839	0.736	0.671	0.523	0.266	0.79	0.648	0.493	0.344	0.253	A	OD
31800	0.762	0.744	0.628	0.519	0.326	0.74	0.534	0.375	0.192	0.116	0.847	0.733	0.681	0.556	0.292	0.799	0.651	0.506	0.358	0.268	A	OD
32400	0.76	0.757	0.638	0.539	0.35	0.748	0.547	0.39	0.204	0.118	0.854	0.733	0.687	0.585	0.321	0.804	0.663	0.517	0.377	0.283	A	OD
33000	0.765	0.757	0.652	0.556	0.373	0.755	0.563	0.405	0.219	0.121	0.862	0.734	0.694	0.601	0.349	0.81	0.674	0.531	0.4	0.299	A	OD
33600	0.769	0.762	0.659	0.573	0.4	0.763	0.569	0.419	0.234	0.125	0.871	0.746	0.697	0.621	0.381	0.816	0.687	0.544	0.418	0.315	A	OD
34200	0.769	0.76	0.666	0.583	0.426	0.766	0.59	0.432	0.251	0.129	0.87	0.75	0.708	0.64	0.414	0.827	0.69	0.566	0.438	0.33	A	OD
34800	0.772	0.762	0.677	0.593	0.453	0.773	0.583	0.446	0.27	0.134	0.874	0.746	0.71	0.653	0.451	0.832	0.694	0.577	0.453	0.343	A	OD
35400	0.774	0.763	0.686	0.612	0.48	0.775	0.606	0.461	0.288	0.139	0.885	0.756	0.714	0.667	0.482	0.835	0.697	0.59	0.473	0.362	A	OD
36000	0.776	0.766	0.696	0.622	0.506	0.776	0.627	0.472	0.307	0.147	0.89	0.755	0.719	0.678	0.515	0.843	0.7	0.604	0.489	0.382	A	OD
36600	0.78	0.77	0.698	0.63	0.529	0.783	0.62	0.488	0.327	0.153	0.892	0.759	0.733	0.691	0.551	0.85	0.708	0.618	0.508	0.399	A	OD
37200	0.778	0.768	0.702	0.638	0.55	0.784	0.633	0.499	0.345	0.162	0.896	0.762	0.736	0.695	0.591	0.859	0.71	0.631	0.53	0.422	A	OD
37800	0.783	0.769	0.718	0.656	0.565	0.788	0.644	0.517	0.364	0.171	0.907	0.771	0.742	0.7	0.625	0.866	0.715	0.639	0.541	0.439	A	OD
38400	0.785	0.768	0.72	0.662	0.579	0.795	0.661	0.524	0.38	0.182	0.915	0.771	0.746	0.711	0.653	0.879	0.725	0.649	0.556	0.456	A	OD
39000	0.786	0.77	0.722	0.677	0.597	0.797	0.669	0.533	0.399	0.194	0.92	0.788	0.752	0.726	0.672	0.877	0.732	0.658	0.576	0.476	A	OD
39600	0.786	0.773	0.727	0.685	0.615	0.802	0.676	0.545	0.412	0.207	0.927	0.794	0.757	0.732	0.706	0.885	0.738	0.665	0.588	0.496	A	OD
40200	0.79	0.773	0.725	0.695	0.637	0.805	0.689	0.553	0.431	0.221	0.931	0.8	0.762	0.738	0.728	0.893	0.749	0.67	0.606	0.512	A	OD
40800	0.792	0.775	0.728	0.7	0.647	0.807	0.691	0.566	0.445	0.237	0.935	0.806	0.757	0.746	0.734	0.888	0.762	0.674	0.619	0.518	A	OD
41400	0.796	0.777	0.729	0.706	0.658	0.813	0.7	0.577	0.459	0.255	0.943	0.819	0.763	0.749	0.746	0.894	0.773	0.68	0.628	0.541	A	OD
42000	0.798	0.78	0.735	0.711	0.667	0.817	0.709	0.592	0.476	0.273	0.946	0.821	0.768	0.756	0.764	0.9	0.783	0.685	0.637	0.559	A	OD
42600	0.799	0.776	0.731	0.717	0.68	0.817	0.712	0.606	0.488	0.291	0.948	0.826	0.778	0.756	0.77	0.905	0.793	0.69	0.649	0.578	A	OD
43200	0.803	0.778	0.732	0.719	0.688	0.815	0.719	0.614	0.5	0.309	0.953	0.833	0.779	0.759	0.783	0.91	0.805	0.693	0.669	0.593	A	OD
43800	0.806	0.782	0.733	0.723	0.697	0.819	0.719	0.621	0.519	0.329	0.951	0.836	0.782	0.76	0.79	0.915	0.811	0.696	0.682	0.608	A	OD
44400	0.81	0.783	0.737	0.723	0.706	0.822	0.726	0.632	0.53	0.345	0.958	0.842	0.796	0.767	0.8	0.913	0.821	0.7	0.689	0.623	A	OD
45000	0.812	0.784	0.743	0.725	0.714	0.823	0.725	0.639	0.543	0.367	0.96	0.851	0.79	0.776	0.809	0.915	0.824	0.703	0.696	0.635	A	OD
45600	0.814	0.781	0.745	0.728	0.723	0.824	0.733	0.648	0.553	0.384	0.967	0.859	0.804	0.786	0.812	0.917	0.835	0.707	0.709	0.648	A	OD
46200	0.818	0.778	0.747	0.731	0.73	0.824	0.737	0.657	0.567	0.403	0.964	0.862	0.809	0.787	0.814	0.916	0.84	0.712	0.708	0.659	A	OD
46800	0.821	0.786	0.75	0.732	0.733	0.824	0.74	0.66	0.576	0.42	0.968	0.871	0.813	0.794	0.818	0.917	0.851	0.718	0.713	0.671	A	OD
47400	0.823	0.789	0.75	0.734	0.74	0.825	0.751	0.67	0.589	0.435	0.973	0.875	0.815	0.8	0.822	0.917	0.855	0.722	0.722	0.681	A	OD
48000	0.826	0.789	0.75	0.735	0.739	0.826	0.751	0.673	0.598	0.451	0.979	0.882	0.824	0.802	0.827	0.919	0.869	0.725	0.722	0.69	A	OD
48600	0.825	0.796	0.751	0.74	0.738	0.828	0.754	0.675	0.605	0.468	0.976	0.887	0.831	0.807	0.831	0.924	0.872	0.732	0.727	0.695	A	OD
49200	0.829	0.796	0.756	0.742	0.742	0.826	0.762	0.682	0.614	0.487	0.982	0.893	0.839	0.813	0.835	0.923	0.869	0.739	0.73	0.707	A	OD
49800	0.832	0.797	0.757	0.743	0.744	0.828	0.762	0.687	0.623	0.504	0.978	0.9	0.844	0.816	0.841	0.925	0.87	0.749	0.734	0.716	A	OD
50400	0.835	0.801	0.757	0.746	0.749	0.828	0.765	0.692	0.633	0.52	0.979	0.904	0.844	0.822	0.844	0.93	0.88	0.757	0.739	0.725	A	OD
51000	0.837	0.802	0.758	0.749	0.751	0.826	0.768	0.701	0.64	0.534	0.979	0.904	0.853	0.824	0.847	0.934	0.882	0.764	0.742	0.736	A	OD
51600	0.843	0.804	0.76	0.751	0.753	0.828	0.774	0.705	0.648	0.55	0.98	0.908	0.859	0.826	0.851	0.931	0.892	0.767	0.743	0.745	A	OD
52200	0.844	0.809	0.763	0.754	0.756	0.828	0.775	0.711	0.651	0.564	0.983	0.912	0.865	0.833	0.855	0.933	0.896	0.771	0.749	0.754	A	OD
52800	0.847	0.809	0.765	0.753	0.757	0.83	0.777	0.716	0.661	0.58	0.984	0.915	0.872	0.839	0.859	0.933	0.895	0.774	0.75	0.763	A	OD
53400	0.85	0.811	0.765	0.756	0.763	0.83	0.778	0.72	0.663	0.593	0.986	0.919	0.877	0.842	0.867	0.939	0.896	0.78	0.75	0.77	A	OD
54000	0.853	0.812	0.768	0.755	0.763	0.831	0.781	0.724	0.67	0.606	0.988	0.923	0.883	0.845	0.871	0.941	0.896	0.785	0.756	0.778	A	OD
54600	0.857	0.814	0.774	0.759	0.766	0.831	0.777	0.725	0.676	0.619	0.986	0.924	0.887	0.85	0.872	0.942	0.898	0.794	0.757	0.784	A	OD
55200	0.857	0.816	0.775	0.762	0.769	0.832	0.789	0.73	0.683	0.63	0.987	0.926	0.894	0.852	0.875	0.944	0.903	0.801	0.758	0.79	A	OD
55800	0.859	0.818	0.776	0.764	0.772	0.831	0.785	0.733	0.688	0.642	0.989	0.933	0.897	0.858	0.883	0.947	0.905	0.805	0.762	0.799	A	OD
56400	0.866	0.817	0.777	0.766	0.775	0.833	0.788	0.734	0.688	0.653	0.993	0.93	0.899	0.858	0.887	0.947	0.911	0.811	0.772	0.805	A	OD
57000	0.867	0.821	0.779	0.766	0.774	0.834	0.786	0.737	0.691	0.665	0.994	0.934	0.902	0.863	0.892	0.95	0.905	0.818	0.772	0.81	A	OD
57600	0.872	0.823	0.778	0.768	0.779	0.835	0.788	0.742	0.698	0.673	0.996	0.935	0.906	0.867	0.896	0.949	0.903	0.824	0.776	0.817	A	OD
58200	0.872	0.823	0.779	0.771	0.781	0.834	0.791	0.745	0.706	0.681	0.995	0.939	0.911	0.872	0.901	0.95	0.903	0.828	0.781	0.823	A	OD
58800	0.878	0.825	0.783	0.77	0.786	0.836	0.789	0.746	0.711	0.69	0.995	0.943	0.915	0.874	0.902	0.953	0.911	0.83	0.79	0.83	A	OD
59400	0.876	0.828	0.783	0.773	0.788	0.838	0.786	0.747	0.713	0.696	1	0.942	0.914	0.877	0.906	0.953	0.908	0.834	0.796	0.837	A	OD
60000	0.882	0.829	0.786	0.776	0.791	0.837	0.783	0.752	0.716	0.705	0.999	0.944	0.918	0.88	0.91	0.954	0.909	0.835	0.8	0.842	A	OD
60600	0.885	0.832	0.788	0.776	0.792	0.838	0.785	0.75	0.721	0.712	0.999	0.945	0.92	0.884	0.912	0.956	0.914	0.839	0.809	0.847	A	OD
61200	0.885	0.832	0.789	0.779	0.795	0.838	0.795	0.755	0.727	0.718	1.001	0.949	0.926	0.889	0.918	0.955	0.916	0.84	0.813	0.851	A	OD
61800	0.888	0.835	0.792	0.779	0.798	0.841	0.793	0.755	0.731	0.724	1.003	0.951	0.933	0.895	0.919	0.956	0.913	0.842	0.816	0.855	A	OD
62400	0.89	0.835	0.794	0.784	0.802	0.841	0.793	0.757	0.734	0.732	1.005	0.954	0.931	0.901	0.923	0.959	0.911	0.843	0.824	0.859	A	OD
63000	0.892	0.838	0.796	0.786	0.803	0.843	0.791	0.762	0.737	0.736	1.008	0.955	0.936	0.902	0.924	0.957	0.908	0.844	0.83	0.862	A	OD
63600	0.897	0.839	0.797	0.788	0.806	0.842	0.796	0.763	0.74	0.744	1.005	0.957	0.941	0.909	0.929	0.959	0.909	0.845	0.833	0.867	A	OD
64200	0.897	0.841	0.801	0.79	0.807	0.845	0.795	0.763	0.743	0.748	1.006	0.964	0.945	0.913	0.933	0.958	0.909	0.846	0.835	0.87	A	OD
64800	0.899	0.845	0.802	0.792	0.812	0.846	0.791	0.763	0.748	0.755	1.008	0.967	0.95	0.917	0.933	0.959	0.916	0.848	0.84	0.873	A	OD
65400	0.902	0.846	0.804	0.795	0.814	0.846	0.792	0.762	0.75	0.757	1.007	0.97	0.949	0.918	0.936	0.961	0.912	0.851	0.846	0.879	A	OD
66000	0.904	0.849	0.807	0.796	0.817	0.849	0.793	0.762	0.753	0.764	1.007	0.971	0.951	0.92	0.94	0.964	0.91	0.85	0.847	0.881	A	OD
66600	0.908	0.851	0.81	0.799	0.82	0.849	0.797	0.763	0.759	0.77	1.01	0.976	0.952	0.922	0.941	0.963	0.916	0.852	0.852	0.886	A	OD
67200	0.911	0.851	0.813	0.8	0.822	0.85	0.798	0.765	0.761	0.774	1.016	0.97	0.953	0.924	0.946	0.964	0.913	0.853	0.853	0.889	A	OD
67800	0.914	0.851	0.815	0.804	0.826	0.851	0.796	0.763	0.762	0.778	1.013	0.974	0.953	0.926	0.952	0.965	0.913	0.854	0.856	0.892	A	OD
68400	0.917	0.853	0.818	0.804	0.828	0.853	0.795	0.764	0.762	0.782	1.01	0.976	0.953	0.93	0.951	0.966	0.918	0.854	0.857	0.892	A	OD
69000	0.918	0.858	0.82	0.807	0.831	0.854	0.798	0.763	0.763	0.786	1.009	0.979	0.953	0.931	0.957	0.966	0.921	0.856	0.862	0.897	A	OD
69600	0.922	0.859	0.822	0.808	0.833	0.853	0.798	0.765	0.769	0.791	1.008	0.979	0.952	0.934	0.958	0.967	0.924	0.858	0.864	0.897	A	OD
70200	0.926	0.861	0.827	0.812	0.836	0.855	0.801	0.763	0.769	0.795	1.012	0.978	0.953	0.937	0.957	0.965	0.928	0.858	0.864	0.899	A	OD
70800	0.927	0.862	0.828	0.812	0.837	0.856	0.799	0.763	0.773	0.8	1.01	0.981	0.953	0.939	0.963	0.967	0.928	0.859	0.867	0.904	A	OD
71400	0.928	0.865	0.831	0.813	0.844	0.857	0.804	0.768	0.776	0.803	1.01	0.984	0.957	0.943	0.966	0.967	0.923	0.856	0.865	0.905	A	OD
72000	0.935	0.867	0.836	0.818	0.844	0.859	0.805	0.766	0.777	0.806	1.013	0.984	0.956	0.946	0.965	0.969	0.927	0.861	0.87	0.905	A	OD
72600	0.94	0.87	0.838	0.82	0.847	0.859	0.808	0.769	0.78	0.811	1.016	0.986	0.959	0.944	0.969	0.972	0.921	0.862	0.87	0.906	A	OD
73200	0.939	0.872	0.841	0.822	0.85	0.861	0.806	0.768	0.779	0.815	1.012	0.988	0.959	0.949	0.973	0.972	0.926	0.863	0.873	0.91	A	OD
73800	0.944	0.877	0.845	0.825	0.855	0.862	0.809	0.769	0.78	0.818	1.01	0.986	0.956	0.951	0.973	0.974	0.929	0.866	0.873	0.911	A	OD
74400	0.946	0.878	0.849	0.829	0.855	0.862	0.81	0.769	0.783	0.821	1.011	0.988	0.959	0.954	0.979	0.974	0.927	0.865	0.87	0.911	A	OD
75000	0.949	0.879	0.851	0.832	0.859	0.864	0.809	0.771	0.784	0.824	1.008	0.994	0.958	0.96	0.984	0.973	0.922	0.867	0.872	0.915	A	OD
75600	0.952	0.884	0.854	0.835	0.86	0.865	0.807	0.771	0.784	0.826	1.01	0.992	0.957	0.965	0.985	0.974	0.926	0.866	0.875	0.916	A	OD
76200	0.952	0.887	0.857	0.837	0.862	0.865	0.809	0.77	0.783	0.826	1.007	0.988	0.955	0.964	0.986	0.975	0.928	0.868	0.877	0.915	A	OD
76800	0.955	0.886	0.859	0.839	0.866	0.866	0.81	0.77	0.784	0.83	1.007	0.989	0.957	0.97	0.99	0.974	0.928	0.868	0.872	0.92	A	OD
77400	0.958	0.891	0.862	0.841	0.869	0.867	0.811	0.771	0.786	0.834	1.005	0.989	0.958	0.969	0.988	0.978	0.926	0.87	0.876	0.921	A	OD
78000	0.96	0.891	0.866	0.847	0.872	0.869	0.814	0.773	0.788	0.836	1.005	0.983	0.959	0.97	0.996	0.977	0.932	0.869	0.879	0.923	A	OD
78600	0.96	0.892	0.867	0.85	0.875	0.87	0.815	0.773	0.786	0.837	1.003	0.979	0.96	0.969	0.993	0.977	0.932	0.872	0.88	0.923	A	OD
79200	0.961	0.893	0.869	0.853	0.878	0.87	0.815	0.774	0.788	0.839	1.003	0.979	0.963	0.971	0.997	0.98	0.932	0.872	0.881	0.924	A	OD
79800	0.964	0.895	0.871	0.852	0.88	0.872	0.816	0.775	0.788	0.84	1.006	0.986	0.963	0.969	0.996	0.979	0.931	0.872	0.882	0.926	A	OD
80400	0.965	0.895	0.872	0.857	0.883	0.873	0.817	0.777	0.79	0.841	1.006	0.984	0.962	0.969	1.002	0.979	0.936	0.874	0.879	0.925	A	OD
81000	0.969	0.898	0.875	0.861	0.887	0.874	0.818	0.774	0.79	0.844	1.001	0.982	0.962	0.974	1.002	0.981	0.938	0.875	0.884	0.929	A	OD
81600	0.969	0.897	0.877	0.864	0.889	0.874	0.818	0.776	0.789	0.842	1.009	0.987	0.967	0.974	1.008	0.979	0.938	0.876	0.887	0.931	A	OD
82200	0.973	0.899	0.877	0.866	0.894	0.877	0.819	0.774	0.788	0.846	1.008	0.986	0.966	0.979	1.008	0.982	0.939	0.874	0.888	0.931	A	OD
82800	0.97	0.901	0.88	0.869	0.896	0.876	0.818	0.777	0.791	0.844	1.01	0.986	0.964	0.978	1.01	0.981	0.939	0.879	0.886	0.932	A	OD
83400	0.975	0.9	0.88	0.87	0.899	0.877	0.817	0.775	0.79	0.846	1.005	0.985	0.965	0.978	1.01	0.977	0.938	0.88	0.89	0.933	A	OD
84000	0.974	0.905	0.882	0.872	0.902	0.879	0.819	0.778	0.792	0.848	1.004	0.99	0.964	0.982	1.014	0.978	0.942	0.88	0.892	0.936	A	OD
84600	0.977	0.904	0.883	0.874	0.905	0.879	0.82	0.779	0.792	0.846	1.006	0.99	0.963	0.98	1.015	0.982	0.94	0.879	0.892	0.935	A	OD
85200	0.977	0.905	0.885	0.877	0.907	0.881	0.819	0.777	0.792	0.848	1.008	0.988	0.963	0.98	1.017	0.98	0.94	0.882	0.89	0.935	A	OD
85800	0.979	0.907	0.885	0.877	0.91	0.882	0.819	0.777	0.794	0.849	1.001	0.991	0.964	0.983	1.016	0.979	0.942	0.878	0.892	0.937	A	OD
86400	0.981	0.908	0.887	0.876	0.913	0.883	0.821	0.779	0.794	0.849	0.997	0.989	0.963	0.982	1.02	0.982	0.94	0.885	0.892	0.939	A	OD
0	0.109	0.109	0.107	0.107	0.107	0.106	0.106	0.105	0.107	0.107	0.109	0.107	0.108	0.108	0.108	0.107	0.107	0.108	0.108	0.111	B	OD
600	0.109	0.109	0.106	0.106	0.107	0.105	0.105	0.105	0.106	0.106	0.108	0.106	0.108	0.108	0.108	0.107	0.107	0.107	0.108	0.11	B	OD
1200	0.11	0.109	0.106	0.106	0.107	0.105	0.105	0.105	0.106	0.106	0.107	0.106	0.107	0.108	0.107	0.108	0.106	0.107	0.107	0.11	B	OD
1800	0.11	0.109	0.106	0.106	0.107	0.105	0.105	0.104	0.106	0.106	0.108	0.106	0.107	0.108	0.107	0.108	0.106	0.107	0.107	0.11	B	OD
2400	0.11	0.109	0.106	0.106	0.107	0.106	0.105	0.104	0.106	0.106	0.108	0.106	0.107	0.108	0.107	0.109	0.106	0.107	0.107	0.11	B	OD
3000	0.111	0.109	0.106	0.106	0.107	0.106	0.105	0.104	0.106	0.106	0.109	0.106	0.107	0.108	0.107	0.109	0.106	0.107	0.107	0.11	B	OD
3600	0.112	0.109	0.106	0.106	0.107	0.107	0.105	0.104	0.106	0.106	0.11	0.106	0.107	0.107	0.107	0.11	0.106	0.107	0.107	0.11	B	OD
4200	0.114	0.11	0.106	0.106	0.107	0.108	0.105	0.104	0.106	0.106	0.111	0.106	0.107	0.107	0.107	0.112	0.107	0.107	0.107	0.11	B	OD
4800	0.116	0.11	0.106	0.106	0.107	0.109	0.105	0.104	0.106	0.106	0.113	0.106	0.107	0.107	0.107	0.114	0.107	0.107	0.107	0.11	B	OD
5400	0.119	0.11	0.106	0.106	0.107	0.11	0.105	0.104	0.106	0.106	0.115	0.107	0.107	0.107	0.107	0.116	0.107	0.107	0.107	0.11	B	OD
6000	0.123	0.11	0.106	0.106	0.107	0.112	0.106	0.104	0.106	0.106	0.117	0.107	0.107	0.107	0.107	0.119	0.107	0.107	0.107	0.11	B	OD
6600	0.129	0.111	0.106	0.106	0.107	0.113	0.106	0.104	0.106	0.106	0.122	0.107	0.107	0.107	0.107	0.123	0.107	0.107	0.107	0.11	B	OD
7200	0.137	0.112	0.106	0.106	0.107	0.116	0.106	0.104	0.106	0.106	0.128	0.108	0.107	0.107	0.107	0.13	0.108	0.107	0.107	0.11	B	OD
7800	0.147	0.112	0.106	0.106	0.106	0.119	0.106	0.104	0.106	0.106	0.137	0.109	0.108	0.107	0.107	0.138	0.109	0.107	0.107	0.11	B	OD
8400	0.16	0.114	0.106	0.106	0.106	0.123	0.106	0.104	0.106	0.106	0.149	0.109	0.107	0.107	0.107	0.148	0.109	0.107	0.107	0.11	B	OD
9000	0.177	0.116	0.106	0.106	0.107	0.129	0.107	0.104	0.106	0.106	0.162	0.111	0.108	0.107	0.107	0.162	0.111	0.107	0.107	0.11	B	OD
9600	0.192	0.119	0.106	0.106	0.106	0.138	0.107	0.104	0.106	0.106	0.178	0.113	0.108	0.108	0.107	0.176	0.113	0.108	0.107	0.11	B	OD
10200	0.21	0.123	0.107	0.106	0.107	0.146	0.108	0.104	0.106	0.106	0.195	0.116	0.108	0.108	0.107	0.191	0.116	0.108	0.107	0.11	B	OD
10800	0.227	0.128	0.107	0.106	0.107	0.158	0.109	0.105	0.106	0.106	0.211	0.12	0.108	0.107	0.107	0.206	0.12	0.108	0.107	0.11	B	OD
11400	0.245	0.136	0.107	0.106	0.106	0.172	0.11	0.105	0.106	0.106	0.23	0.126	0.109	0.107	0.107	0.224	0.125	0.109	0.107	0.11	B	OD
12000	0.267	0.145	0.108	0.106	0.107	0.185	0.112	0.105	0.106	0.106	0.252	0.135	0.11	0.107	0.107	0.244	0.132	0.11	0.107	0.11	B	OD
12600	0.291	0.156	0.108	0.106	0.106	0.198	0.114	0.105	0.106	0.106	0.274	0.146	0.111	0.108	0.107	0.266	0.141	0.111	0.108	0.11	B	OD
13200	0.318	0.172	0.109	0.106	0.107	0.212	0.117	0.105	0.106	0.106	0.302	0.158	0.112	0.108	0.107	0.292	0.15	0.112	0.108	0.11	B	OD
13800	0.346	0.188	0.111	0.106	0.107	0.228	0.12	0.105	0.106	0.106	0.334	0.174	0.114	0.108	0.107	0.318	0.164	0.114	0.108	0.11	B	OD
14400	0.374	0.205	0.113	0.107	0.107	0.244	0.126	0.106	0.106	0.106	0.37	0.191	0.117	0.108	0.107	0.35	0.177	0.117	0.108	0.11	B	OD
15000	0.412	0.225	0.116	0.107	0.107	0.261	0.132	0.106	0.106	0.106	0.408	0.209	0.121	0.108	0.107	0.379	0.188	0.121	0.108	0.11	B	OD
15600	0.431	0.248	0.12	0.107	0.107	0.279	0.139	0.107	0.106	0.106	0.447	0.228	0.127	0.109	0.107	0.411	0.202	0.126	0.109	0.11	B	OD
16200	0.469	0.269	0.125	0.108	0.107	0.3	0.148	0.107	0.106	0.106	0.491	0.248	0.134	0.109	0.107	0.443	0.216	0.132	0.109	0.11	B	OD
16800	0.509	0.289	0.133	0.109	0.107	0.319	0.159	0.108	0.106	0.106	0.536	0.268	0.144	0.11	0.107	0.471	0.226	0.139	0.11	0.11	B	OD
17400	0.539	0.313	0.142	0.11	0.107	0.339	0.171	0.11	0.106	0.106	0.577	0.289	0.157	0.111	0.108	0.498	0.241	0.148	0.111	0.111	B	OD
18000	0.564	0.341	0.154	0.111	0.107	0.358	0.184	0.111	0.107	0.106	0.617	0.316	0.172	0.113	0.108	0.526	0.26	0.158	0.113	0.111	B	OD
18600	0.582	0.371	0.168	0.113	0.108	0.378	0.197	0.113	0.107	0.106	0.652	0.344	0.188	0.115	0.108	0.555	0.28	0.169	0.115	0.111	B	OD
19200	0.606	0.398	0.184	0.116	0.108	0.396	0.213	0.116	0.107	0.106	0.681	0.375	0.206	0.118	0.108	0.572	0.299	0.183	0.117	0.112	B	OD
19800	0.627	0.43	0.2	0.12	0.109	0.417	0.23	0.12	0.108	0.106	0.711	0.407	0.224	0.123	0.109	0.591	0.318	0.195	0.121	0.112	B	OD
20400	0.648	0.461	0.22	0.125	0.11	0.432	0.248	0.124	0.108	0.106	0.725	0.443	0.243	0.129	0.11	0.608	0.339	0.208	0.126	0.113	B	OD
21000	0.677	0.494	0.239	0.132	0.111	0.451	0.264	0.129	0.109	0.106	0.742	0.474	0.262	0.137	0.11	0.629	0.356	0.219	0.131	0.115	B	OD
21600	0.689	0.516	0.258	0.14	0.112	0.473	0.281	0.136	0.11	0.107	0.765	0.509	0.287	0.148	0.112	0.638	0.371	0.231	0.138	0.116	B	OD
22200	0.697	0.543	0.28	0.151	0.115	0.488	0.298	0.143	0.111	0.107	0.78	0.542	0.311	0.16	0.114	0.657	0.385	0.245	0.146	0.118	B	OD
22800	0.716	0.574	0.312	0.165	0.118	0.501	0.313	0.152	0.112	0.107	0.792	0.583	0.33	0.175	0.117	0.666	0.403	0.26	0.155	0.121	B	OD
23400	0.725	0.592	0.337	0.18	0.122	0.522	0.332	0.162	0.114	0.107	0.804	0.603	0.365	0.191	0.121	0.671	0.43	0.276	0.165	0.124	B	OD
24000	0.742	0.608	0.364	0.197	0.127	0.543	0.348	0.172	0.116	0.107	0.813	0.634	0.402	0.209	0.127	0.684	0.438	0.293	0.176	0.128	B	OD
24600	0.75	0.616	0.392	0.216	0.133	0.553	0.366	0.184	0.119	0.108	0.808	0.638	0.431	0.228	0.135	0.684	0.47	0.311	0.187	0.133	B	OD
25200	0.76	0.632	0.422	0.236	0.141	0.57	0.381	0.197	0.123	0.108	0.816	0.664	0.471	0.249	0.144	0.698	0.479	0.327	0.199	0.139	B	OD
25800	0.77	0.645	0.454	0.26	0.151	0.587	0.4	0.21	0.127	0.109	0.816	0.679	0.504	0.271	0.155	0.716	0.515	0.343	0.21	0.145	B	OD
26400	0.778	0.654	0.48	0.281	0.164	0.605	0.415	0.226	0.132	0.11	0.813	0.691	0.529	0.297	0.168	0.723	0.538	0.361	0.223	0.153	B	OD
27000	0.785	0.672	0.492	0.308	0.18	0.627	0.433	0.241	0.138	0.111	0.816	0.706	0.545	0.32	0.184	0.732	0.554	0.382	0.237	0.162	B	OD
27600	0.786	0.67	0.518	0.339	0.199	0.641	0.45	0.26	0.144	0.112	0.819	0.719	0.588	0.349	0.201	0.745	0.56	0.402	0.252	0.172	B	OD
28200	0.792	0.682	0.537	0.371	0.219	0.661	0.466	0.276	0.152	0.113	0.817	0.728	0.609	0.385	0.22	0.759	0.583	0.428	0.265	0.182	B	OD
28800	0.796	0.692	0.552	0.402	0.241	0.676	0.477	0.294	0.161	0.115	0.823	0.73	0.627	0.415	0.242	0.775	0.594	0.449	0.278	0.194	B	OD
29400	0.792	0.689	0.569	0.432	0.268	0.689	0.494	0.312	0.17	0.117	0.824	0.735	0.637	0.451	0.266	0.788	0.61	0.466	0.291	0.207	B	OD
30000	0.793	0.703	0.586	0.458	0.295	0.697	0.503	0.329	0.18	0.12	0.825	0.741	0.653	0.486	0.293	0.798	0.62	0.482	0.311	0.219	B	OD
30600	0.803	0.702	0.599	0.483	0.323	0.711	0.525	0.348	0.192	0.123	0.83	0.747	0.672	0.514	0.324	0.794	0.628	0.503	0.326	0.232	B	OD
31200	0.795	0.706	0.614	0.504	0.353	0.722	0.541	0.361	0.204	0.126	0.832	0.752	0.686	0.53	0.362	0.805	0.64	0.518	0.343	0.245	B	OD
31800	0.803	0.711	0.627	0.52	0.382	0.728	0.554	0.378	0.218	0.13	0.835	0.753	0.697	0.558	0.4	0.81	0.647	0.546	0.358	0.257	B	OD
32400	0.8	0.728	0.636	0.531	0.413	0.741	0.571	0.393	0.234	0.135	0.839	0.762	0.707	0.593	0.437	0.81	0.648	0.555	0.38	0.271	B	OD
33000	0.799	0.73	0.646	0.547	0.439	0.747	0.584	0.41	0.252	0.141	0.842	0.767	0.71	0.611	0.468	0.824	0.657	0.571	0.395	0.286	B	OD
33600	0.798	0.725	0.654	0.561	0.472	0.752	0.601	0.422	0.271	0.148	0.847	0.777	0.72	0.625	0.495	0.831	0.66	0.582	0.412	0.302	B	OD
34200	0.805	0.741	0.663	0.574	0.497	0.756	0.614	0.437	0.29	0.155	0.848	0.787	0.725	0.647	0.513	0.832	0.661	0.593	0.439	0.317	B	OD
34800	0.808	0.74	0.669	0.588	0.524	0.761	0.624	0.452	0.31	0.164	0.858	0.793	0.737	0.656	0.544	0.841	0.663	0.604	0.454	0.331	B	OD
35400	0.81	0.741	0.674	0.596	0.542	0.769	0.633	0.464	0.33	0.173	0.861	0.798	0.74	0.677	0.557	0.847	0.673	0.616	0.48	0.347	B	OD
36000	0.809	0.745	0.687	0.604	0.561	0.771	0.65	0.478	0.349	0.183	0.869	0.803	0.744	0.685	0.584	0.855	0.672	0.633	0.499	0.364	B	OD
36600	0.801	0.748	0.695	0.618	0.579	0.777	0.658	0.492	0.368	0.194	0.871	0.811	0.748	0.701	0.608	0.862	0.673	0.644	0.521	0.382	B	OD
37200	0.811	0.75	0.703	0.627	0.589	0.783	0.663	0.502	0.385	0.207	0.879	0.808	0.747	0.703	0.65	0.868	0.682	0.647	0.538	0.4	B	OD
37800	0.811	0.752	0.709	0.64	0.605	0.783	0.67	0.517	0.4	0.221	0.884	0.825	0.752	0.709	0.675	0.879	0.68	0.659	0.55	0.419	B	OD
38400	0.808	0.749	0.711	0.649	0.611	0.792	0.68	0.526	0.419	0.237	0.89	0.828	0.755	0.717	0.684	0.884	0.693	0.665	0.566	0.439	B	OD
39000	0.809	0.753	0.713	0.656	0.621	0.795	0.67	0.542	0.435	0.255	0.895	0.841	0.758	0.724	0.698	0.889	0.699	0.671	0.571	0.46	B	OD
39600	0.813	0.741	0.716	0.66	0.627	0.8	0.674	0.552	0.45	0.273	0.899	0.846	0.759	0.731	0.709	0.896	0.707	0.677	0.588	0.482	B	OD
40200	0.814	0.751	0.717	0.672	0.632	0.804	0.67	0.561	0.466	0.292	0.903	0.851	0.764	0.735	0.718	0.902	0.72	0.679	0.6	0.503	B	OD
40800	0.816	0.747	0.718	0.675	0.646	0.808	0.684	0.575	0.479	0.311	0.909	0.854	0.768	0.738	0.723	0.899	0.73	0.678	0.609	0.523	B	OD
41400	0.821	0.746	0.718	0.684	0.659	0.808	0.718	0.597	0.491	0.33	0.91	0.856	0.772	0.741	0.734	0.907	0.745	0.684	0.626	0.545	B	OD
42000	0.829	0.754	0.718	0.687	0.672	0.816	0.726	0.605	0.504	0.35	0.911	0.855	0.775	0.746	0.738	0.912	0.759	0.689	0.632	0.569	B	OD
42600	0.828	0.755	0.72	0.692	0.681	0.815	0.721	0.609	0.518	0.369	0.914	0.864	0.779	0.749	0.742	0.915	0.774	0.692	0.643	0.588	B	OD
43200	0.826	0.758	0.721	0.701	0.69	0.815	0.733	0.626	0.531	0.388	0.916	0.863	0.784	0.754	0.747	0.913	0.779	0.695	0.658	0.605	B	OD
43800	0.827	0.758	0.722	0.699	0.7	0.814	0.735	0.634	0.545	0.406	0.918	0.871	0.792	0.76	0.754	0.917	0.788	0.698	0.663	0.619	B	OD
44400	0.833	0.757	0.721	0.701	0.707	0.811	0.741	0.642	0.554	0.424	0.923	0.878	0.798	0.766	0.758	0.918	0.794	0.701	0.674	0.63	B	OD
45000	0.835	0.762	0.724	0.702	0.716	0.819	0.739	0.647	0.568	0.441	0.921	0.884	0.8	0.77	0.763	0.919	0.805	0.707	0.681	0.643	B	OD
45600	0.834	0.764	0.724	0.705	0.725	0.819	0.751	0.656	0.578	0.461	0.923	0.885	0.805	0.776	0.765	0.922	0.816	0.709	0.694	0.655	B	OD
46200	0.839	0.763	0.726	0.706	0.732	0.823	0.746	0.654	0.586	0.479	0.931	0.884	0.809	0.781	0.768	0.922	0.823	0.716	0.698	0.663	B	OD
46800	0.841	0.765	0.728	0.706	0.738	0.821	0.767	0.671	0.599	0.497	0.934	0.888	0.813	0.786	0.772	0.93	0.829	0.723	0.702	0.672	B	OD
47400	0.84	0.764	0.728	0.709	0.742	0.822	0.763	0.672	0.613	0.514	0.939	0.894	0.818	0.794	0.773	0.928	0.836	0.727	0.709	0.68	B	OD
48000	0.845	0.767	0.729	0.708	0.743	0.825	0.765	0.677	0.627	0.531	0.942	0.897	0.823	0.798	0.774	0.93	0.84	0.731	0.712	0.685	B	OD
48600	0.846	0.769	0.731	0.707	0.746	0.824	0.76	0.678	0.636	0.549	0.945	0.894	0.824	0.801	0.779	0.934	0.851	0.735	0.72	0.696	B	OD
49200	0.849	0.771	0.731	0.711	0.748	0.824	0.778	0.691	0.643	0.565	0.942	0.897	0.829	0.806	0.784	0.937	0.856	0.739	0.725	0.701	B	OD
49800	0.85	0.772	0.734	0.711	0.749	0.826	0.775	0.697	0.652	0.583	0.945	0.903	0.834	0.814	0.786	0.934	0.861	0.746	0.73	0.711	B	OD
50400	0.853	0.774	0.736	0.715	0.75	0.825	0.78	0.7	0.663	0.599	0.948	0.905	0.837	0.816	0.789	0.936	0.87	0.751	0.734	0.719	B	OD
51000	0.856	0.775	0.734	0.714	0.754	0.828	0.781	0.705	0.669	0.617	0.949	0.905	0.84	0.82	0.792	0.939	0.874	0.756	0.741	0.729	B	OD
51600	0.86	0.776	0.736	0.713	0.754	0.826	0.786	0.71	0.679	0.634	0.951	0.913	0.845	0.823	0.796	0.938	0.878	0.762	0.741	0.74	B	OD
52200	0.86	0.78	0.737	0.714	0.758	0.829	0.786	0.712	0.686	0.649	0.957	0.912	0.846	0.827	0.8	0.942	0.885	0.766	0.747	0.749	B	OD
52800	0.862	0.779	0.74	0.72	0.76	0.83	0.789	0.716	0.692	0.665	0.958	0.912	0.851	0.831	0.804	0.943	0.891	0.776	0.752	0.758	B	OD
53400	0.864	0.781	0.74	0.718	0.764	0.829	0.791	0.719	0.7	0.677	0.962	0.917	0.856	0.835	0.809	0.945	0.892	0.79	0.761	0.768	B	OD
54000	0.866	0.782	0.742	0.721	0.765	0.829	0.795	0.722	0.707	0.691	0.965	0.915	0.857	0.84	0.811	0.943	0.896	0.796	0.764	0.776	B	OD
54600	0.869	0.785	0.743	0.723	0.769	0.829	0.79	0.721	0.709	0.704	0.967	0.922	0.86	0.844	0.814	0.94	0.897	0.805	0.767	0.782	B	OD
55200	0.869	0.785	0.744	0.724	0.772	0.83	0.8	0.729	0.717	0.715	0.965	0.923	0.862	0.846	0.817	0.947	0.901	0.816	0.77	0.79	B	OD
55800	0.874	0.787	0.744	0.723	0.773	0.832	0.802	0.733	0.718	0.724	0.965	0.92	0.865	0.849	0.822	0.948	0.906	0.824	0.778	0.796	B	OD
56400	0.875	0.788	0.746	0.724	0.776	0.833	0.802	0.733	0.721	0.735	0.966	0.927	0.867	0.854	0.824	0.944	0.903	0.828	0.779	0.803	B	OD
57000	0.878	0.791	0.748	0.726	0.78	0.834	0.801	0.739	0.729	0.747	0.969	0.924	0.868	0.857	0.828	0.947	0.905	0.822	0.783	0.809	B	OD
57600	0.88	0.794	0.748	0.731	0.78	0.834	0.803	0.74	0.734	0.757	0.967	0.927	0.87	0.86	0.833	0.95	0.907	0.827	0.79	0.818	B	OD
58200	0.881	0.795	0.75	0.732	0.782	0.835	0.806	0.74	0.74	0.767	0.968	0.921	0.869	0.862	0.836	0.95	0.911	0.832	0.795	0.826	B	OD
58800	0.884	0.797	0.753	0.732	0.785	0.837	0.802	0.743	0.744	0.773	0.969	0.918	0.87	0.865	0.841	0.956	0.915	0.835	0.8	0.836	B	OD
59400	0.885	0.799	0.754	0.732	0.786	0.838	0.8	0.743	0.744	0.781	0.969	0.919	0.873	0.868	0.846	0.954	0.911	0.838	0.805	0.843	B	OD
60000	0.888	0.801	0.755	0.737	0.789	0.838	0.805	0.742	0.746	0.789	0.975	0.92	0.874	0.871	0.85	0.958	0.911	0.839	0.807	0.854	B	OD
60600	0.89	0.802	0.757	0.737	0.791	0.84	0.808	0.748	0.754	0.794	0.979	0.927	0.877	0.874	0.856	0.961	0.913	0.841	0.803	0.862	B	OD
61200	0.892	0.804	0.756	0.74	0.794	0.841	0.812	0.754	0.756	0.799	0.981	0.919	0.875	0.875	0.858	0.959	0.912	0.84	0.81	0.865	B	OD
61800	0.894	0.807	0.76	0.74	0.795	0.843	0.812	0.759	0.761	0.807	0.983	0.923	0.878	0.878	0.863	0.959	0.913	0.844	0.818	0.873	B	OD
62400	0.898	0.809	0.763	0.742	0.797	0.846	0.813	0.758	0.761	0.814	0.985	0.923	0.879	0.878	0.867	0.963	0.912	0.845	0.821	0.876	B	OD
63000	0.9	0.811	0.764	0.742	0.8	0.846	0.812	0.762	0.766	0.817	0.984	0.927	0.88	0.88	0.875	0.964	0.911	0.85	0.827	0.878	B	OD
63600	0.901	0.813	0.765	0.745	0.8	0.849	0.815	0.766	0.77	0.823	0.985	0.927	0.88	0.881	0.882	0.964	0.912	0.851	0.831	0.883	B	OD
64200	0.905	0.816	0.768	0.746	0.804	0.849	0.818	0.769	0.774	0.827	0.985	0.925	0.88	0.883	0.89	0.968	0.915	0.853	0.837	0.887	B	OD
64800	0.907	0.816	0.769	0.748	0.806	0.85	0.816	0.77	0.777	0.833	0.982	0.927	0.882	0.882	0.894	0.971	0.914	0.852	0.837	0.891	B	OD
65400	0.91	0.818	0.772	0.75	0.808	0.853	0.816	0.771	0.779	0.838	0.983	0.923	0.882	0.884	0.901	0.97	0.916	0.853	0.842	0.894	B	OD
66000	0.913	0.821	0.773	0.751	0.809	0.853	0.817	0.773	0.783	0.844	0.98	0.927	0.883	0.885	0.909	0.975	0.914	0.855	0.845	0.894	B	OD
66600	0.916	0.821	0.776	0.751	0.811	0.855	0.818	0.774	0.786	0.848	0.981	0.923	0.884	0.885	0.914	0.972	0.917	0.856	0.847	0.901	B	OD
67200	0.917	0.823	0.778	0.753	0.812	0.856	0.819	0.776	0.788	0.852	0.982	0.93	0.887	0.888	0.919	0.974	0.917	0.857	0.848	0.903	B	OD
67800	0.918	0.824	0.779	0.758	0.815	0.859	0.82	0.777	0.792	0.856	0.988	0.931	0.887	0.887	0.923	0.971	0.918	0.858	0.851	0.904	B	OD
68400	0.92	0.825	0.78	0.756	0.817	0.861	0.82	0.777	0.794	0.861	0.988	0.929	0.888	0.889	0.928	0.974	0.919	0.86	0.855	0.908	B	OD
69000	0.924	0.828	0.785	0.758	0.819	0.862	0.821	0.777	0.798	0.867	0.991	0.924	0.887	0.888	0.933	0.975	0.921	0.86	0.86	0.909	B	OD
69600	0.926	0.83	0.786	0.761	0.823	0.863	0.821	0.779	0.8	0.87	0.993	0.923	0.887	0.887	0.935	0.98	0.923	0.858	0.861	0.914	B	OD
70200	0.925	0.832	0.789	0.762	0.824	0.865	0.822	0.778	0.804	0.873	0.992	0.929	0.891	0.892	0.939	0.977	0.924	0.861	0.862	0.911	B	OD
70800	0.93	0.833	0.791	0.766	0.826	0.866	0.823	0.78	0.803	0.876	0.993	0.929	0.891	0.891	0.941	0.979	0.922	0.864	0.865	0.916	B	OD
71400	0.931	0.834	0.794	0.768	0.828	0.867	0.825	0.781	0.805	0.88	0.992	0.935	0.892	0.892	0.946	0.98	0.923	0.862	0.868	0.915	B	OD
72000	0.933	0.836	0.797	0.77	0.83	0.869	0.826	0.776	0.808	0.884	0.996	0.932	0.892	0.891	0.95	0.978	0.924	0.865	0.875	0.918	B	OD
72600	0.936	0.839	0.799	0.772	0.832	0.869	0.825	0.78	0.81	0.886	0.995	0.937	0.894	0.895	0.954	0.98	0.924	0.863	0.879	0.916	B	OD
73200	0.936	0.839	0.801	0.775	0.834	0.872	0.827	0.781	0.813	0.89	0.998	0.937	0.893	0.891	0.959	0.983	0.926	0.865	0.881	0.921	B	OD
73800	0.939	0.841	0.802	0.778	0.835	0.874	0.829	0.782	0.813	0.892	0.995	0.935	0.894	0.893	0.961	0.984	0.925	0.865	0.887	0.92	B	OD
74400	0.94	0.84	0.805	0.78	0.839	0.875	0.83	0.784	0.816	0.894	0.994	0.941	0.899	0.897	0.961	0.982	0.925	0.865	0.886	0.922	B	OD
75000	0.945	0.841	0.807	0.781	0.839	0.877	0.83	0.783	0.815	0.896	0.994	0.945	0.901	0.899	0.965	0.98	0.925	0.867	0.887	0.922	B	OD
75600	0.946	0.842	0.809	0.784	0.842	0.878	0.831	0.783	0.818	0.899	0.996	0.942	0.899	0.897	0.967	0.983	0.927	0.866	0.891	0.928	B	OD
76200	0.948	0.844	0.811	0.787	0.845	0.88	0.831	0.785	0.818	0.9	0.995	0.948	0.902	0.899	0.967	0.983	0.927	0.867	0.894	0.926	B	OD
76800	0.947	0.845	0.813	0.788	0.848	0.88	0.833	0.785	0.819	0.902	0.993	0.951	0.903	0.9	0.967	0.983	0.926	0.867	0.895	0.93	B	OD
77400	0.949	0.846	0.812	0.79	0.85	0.883	0.833	0.785	0.82	0.905	0.995	0.953	0.906	0.903	0.97	0.983	0.927	0.868	0.895	0.93	B	OD
78000	0.949	0.847	0.815	0.794	0.852	0.885	0.834	0.787	0.821	0.906	1.003	0.948	0.907	0.901	0.972	0.983	0.928	0.87	0.896	0.932	B	OD
78600	0.952	0.846	0.817	0.795	0.855	0.885	0.835	0.787	0.822	0.908	1.004	0.948	0.907	0.904	0.971	0.986	0.93	0.871	0.894	0.933	B	OD
79200	0.952	0.848	0.819	0.798	0.857	0.887	0.834	0.787	0.823	0.909	1.002	0.949	0.909	0.905	0.973	0.989	0.93	0.87	0.898	0.934	B	OD
79800	0.952	0.849	0.818	0.8	0.861	0.888	0.837	0.788	0.823	0.911	1.002	0.954	0.912	0.906	0.972	0.989	0.931	0.872	0.898	0.935	B	OD
80400	0.955	0.85	0.818	0.802	0.863	0.89	0.836	0.788	0.823	0.913	0.999	0.951	0.912	0.907	0.973	0.987	0.932	0.873	0.898	0.94	B	OD
81000	0.955	0.85	0.819	0.804	0.866	0.892	0.838	0.79	0.823	0.914	1	0.954	0.913	0.909	0.972	0.989	0.933	0.876	0.899	0.938	B	OD
81600	0.957	0.85	0.819	0.806	0.869	0.893	0.836	0.79	0.823	0.915	0.998	0.957	0.914	0.91	0.972	0.99	0.936	0.877	0.9	0.94	B	OD
82200	0.96	0.851	0.825	0.807	0.871	0.894	0.838	0.79	0.825	0.916	1.002	0.961	0.916	0.913	0.973	0.99	0.937	0.877	0.9	0.941	B	OD
82800	0.96	0.852	0.825	0.81	0.876	0.895	0.838	0.791	0.824	0.918	1	0.959	0.92	0.917	0.974	0.988	0.937	0.879	0.899	0.942	B	OD
83400	0.96	0.853	0.823	0.81	0.878	0.896	0.839	0.791	0.825	0.918	0.999	0.964	0.922	0.916	0.977	0.988	0.935	0.879	0.899	0.942	B	OD
84000	0.96	0.853	0.826	0.812	0.881	0.897	0.839	0.792	0.825	0.92	1.002	0.965	0.922	0.917	0.978	0.99	0.937	0.88	0.9	0.945	B	OD
84600	0.959	0.855	0.829	0.813	0.884	0.898	0.84	0.791	0.825	0.92	0.997	0.964	0.924	0.918	0.979	0.987	0.938	0.881	0.9	0.944	B	OD
85200	0.962	0.855	0.828	0.814	0.886	0.9	0.84	0.792	0.826	0.922	1	0.967	0.927	0.92	0.977	0.991	0.939	0.881	0.899	0.949	B	OD
85800	0.964	0.856	0.827	0.814	0.888	0.902	0.84	0.792	0.826	0.923	0.997	0.973	0.927	0.922	0.977	0.99	0.937	0.881	0.9	0.948	B	OD
86400	0.967	0.856	0.83	0.816	0.891	0.902	0.84	0.793	0.827	0.923	0.996	0.971	0.929	0.924	0.976	0.989	0.939	0.883	0.901	0.951	B	OD
0	0.109	0.109	0.108	0.107	0.107	0.105	0.104	0.104	0.105	0.106	0.108	0.106	0.107	0.106	0.104	0.104	0.103	0.107	0.107	0.104	C	OD
600	0.108	0.109	0.108	0.107	0.106	0.106	0.104	0.104	0.105	0.105	0.108	0.106	0.107	0.106	0.104	0.104	0.103	0.106	0.107	0.104	C	OD
1200	0.108	0.109	0.107	0.107	0.107	0.106	0.103	0.104	0.105	0.105	0.108	0.106	0.107	0.106	0.104	0.104	0.103	0.106	0.107	0.103	C	OD
1800	0.109	0.109	0.108	0.107	0.106	0.106	0.103	0.104	0.105	0.105	0.108	0.105	0.107	0.106	0.104	0.105	0.103	0.106	0.107	0.103	C	OD
2400	0.109	0.109	0.107	0.107	0.106	0.106	0.103	0.104	0.105	0.105	0.108	0.105	0.106	0.106	0.104	0.105	0.103	0.106	0.107	0.103	C	OD
3000	0.11	0.109	0.107	0.107	0.106	0.107	0.103	0.104	0.105	0.105	0.109	0.106	0.107	0.106	0.104	0.106	0.103	0.106	0.107	0.103	C	OD
3600	0.111	0.109	0.107	0.107	0.106	0.107	0.103	0.104	0.105	0.105	0.111	0.106	0.107	0.105	0.104	0.107	0.103	0.106	0.107	0.103	C	OD
4200	0.112	0.109	0.107	0.107	0.106	0.108	0.104	0.104	0.105	0.105	0.112	0.106	0.107	0.105	0.104	0.109	0.103	0.106	0.106	0.103	C	OD
4800	0.114	0.109	0.107	0.107	0.106	0.109	0.104	0.104	0.105	0.105	0.114	0.106	0.107	0.106	0.104	0.111	0.104	0.106	0.106	0.103	C	OD
5400	0.117	0.109	0.108	0.107	0.106	0.11	0.104	0.104	0.105	0.105	0.117	0.106	0.107	0.106	0.104	0.113	0.104	0.106	0.106	0.103	C	OD
6000	0.12	0.109	0.107	0.107	0.106	0.112	0.104	0.104	0.105	0.105	0.121	0.107	0.107	0.106	0.104	0.117	0.104	0.106	0.107	0.103	C	OD
6600	0.125	0.11	0.107	0.107	0.106	0.113	0.104	0.104	0.105	0.105	0.126	0.107	0.107	0.106	0.104	0.122	0.104	0.106	0.106	0.103	C	OD
7200	0.132	0.11	0.108	0.107	0.106	0.116	0.104	0.104	0.105	0.105	0.133	0.107	0.107	0.105	0.104	0.128	0.105	0.106	0.106	0.103	C	OD
7800	0.14	0.111	0.108	0.107	0.106	0.119	0.104	0.104	0.105	0.105	0.142	0.108	0.107	0.105	0.104	0.138	0.105	0.106	0.106	0.103	C	OD
8400	0.153	0.112	0.108	0.107	0.106	0.123	0.105	0.104	0.105	0.105	0.154	0.109	0.107	0.106	0.104	0.149	0.106	0.106	0.107	0.103	C	OD
9000	0.168	0.114	0.108	0.107	0.106	0.128	0.105	0.104	0.105	0.105	0.171	0.11	0.107	0.105	0.104	0.164	0.108	0.106	0.106	0.103	C	OD
9600	0.181	0.116	0.108	0.107	0.106	0.136	0.106	0.104	0.105	0.105	0.186	0.112	0.107	0.105	0.104	0.178	0.11	0.107	0.107	0.103	C	OD
10200	0.196	0.119	0.108	0.107	0.106	0.144	0.106	0.104	0.105	0.105	0.203	0.115	0.107	0.105	0.104	0.196	0.113	0.107	0.107	0.103	C	OD
10800	0.212	0.123	0.109	0.107	0.106	0.156	0.107	0.104	0.105	0.105	0.221	0.119	0.108	0.106	0.104	0.212	0.117	0.107	0.107	0.103	C	OD
11400	0.23	0.129	0.109	0.107	0.106	0.169	0.108	0.104	0.105	0.105	0.242	0.124	0.108	0.106	0.104	0.232	0.123	0.108	0.107	0.103	C	OD
12000	0.248	0.137	0.11	0.107	0.106	0.183	0.11	0.104	0.105	0.105	0.264	0.132	0.109	0.106	0.104	0.254	0.13	0.108	0.107	0.103	C	OD
12600	0.271	0.146	0.111	0.107	0.106	0.197	0.112	0.105	0.105	0.105	0.285	0.142	0.109	0.106	0.104	0.277	0.14	0.109	0.107	0.103	C	OD
13200	0.296	0.157	0.112	0.107	0.106	0.211	0.115	0.105	0.105	0.105	0.31	0.154	0.11	0.106	0.104	0.301	0.151	0.111	0.107	0.103	C	OD
13800	0.322	0.173	0.115	0.107	0.106	0.229	0.118	0.105	0.105	0.105	0.335	0.169	0.112	0.106	0.104	0.324	0.165	0.113	0.107	0.103	C	OD
14400	0.354	0.189	0.117	0.108	0.106	0.245	0.122	0.105	0.105	0.105	0.367	0.185	0.114	0.106	0.104	0.351	0.18	0.115	0.107	0.103	C	OD
15000	0.383	0.206	0.121	0.108	0.106	0.263	0.128	0.106	0.105	0.105	0.413	0.201	0.116	0.106	0.104	0.378	0.196	0.119	0.108	0.103	C	OD
15600	0.423	0.227	0.127	0.108	0.106	0.282	0.134	0.107	0.105	0.105	0.44	0.219	0.121	0.107	0.104	0.404	0.214	0.124	0.109	0.103	C	OD
16200	0.468	0.243	0.134	0.109	0.106	0.303	0.142	0.108	0.105	0.105	0.47	0.236	0.126	0.107	0.104	0.428	0.225	0.131	0.109	0.103	C	OD
16800	0.499	0.265	0.143	0.11	0.106	0.317	0.151	0.109	0.105	0.105	0.495	0.256	0.135	0.108	0.104	0.458	0.244	0.139	0.111	0.103	C	OD
17400	0.531	0.288	0.154	0.111	0.106	0.34	0.162	0.11	0.105	0.105	0.527	0.278	0.143	0.109	0.104	0.482	0.261	0.148	0.112	0.104	C	OD
18000	0.553	0.313	0.168	0.113	0.106	0.363	0.174	0.112	0.105	0.105	0.562	0.301	0.156	0.11	0.104	0.499	0.281	0.16	0.114	0.104	C	OD
18600	0.577	0.341	0.185	0.115	0.106	0.38	0.187	0.114	0.106	0.105	0.598	0.328	0.169	0.112	0.104	0.517	0.301	0.172	0.117	0.104	C	OD
19200	0.59	0.37	0.204	0.118	0.107	0.403	0.201	0.117	0.106	0.105	0.65	0.359	0.184	0.115	0.104	0.547	0.322	0.185	0.121	0.104	C	OD
19800	0.612	0.397	0.223	0.122	0.107	0.419	0.219	0.121	0.106	0.105	0.703	0.388	0.2	0.119	0.104	0.571	0.344	0.198	0.127	0.105	C	OD
20400	0.631	0.426	0.247	0.128	0.107	0.438	0.236	0.126	0.107	0.105	0.75	0.424	0.219	0.124	0.105	0.596	0.368	0.211	0.133	0.105	C	OD
21000	0.647	0.461	0.267	0.135	0.107	0.458	0.252	0.131	0.107	0.105	0.78	0.459	0.237	0.13	0.105	0.617	0.385	0.226	0.14	0.106	C	OD
21600	0.657	0.48	0.289	0.144	0.108	0.48	0.269	0.138	0.108	0.105	0.804	0.49	0.26	0.139	0.106	0.64	0.411	0.241	0.149	0.107	C	OD
22200	0.675	0.525	0.314	0.156	0.109	0.5	0.289	0.146	0.109	0.105	0.813	0.508	0.28	0.148	0.107	0.656	0.437	0.259	0.159	0.108	C	OD
22800	0.703	0.543	0.342	0.169	0.11	0.519	0.307	0.156	0.111	0.105	0.822	0.54	0.303	0.161	0.108	0.664	0.454	0.276	0.171	0.11	C	OD
23400	0.718	0.564	0.371	0.185	0.111	0.54	0.324	0.167	0.112	0.105	0.827	0.567	0.329	0.176	0.11	0.671	0.475	0.293	0.183	0.113	C	OD
24000	0.729	0.577	0.398	0.204	0.113	0.56	0.342	0.179	0.114	0.105	0.827	0.585	0.363	0.191	0.112	0.681	0.496	0.313	0.196	0.115	C	OD
24600	0.73	0.588	0.425	0.224	0.115	0.584	0.359	0.192	0.117	0.105	0.83	0.606	0.388	0.21	0.115	0.689	0.507	0.332	0.21	0.119	C	OD
25200	0.74	0.606	0.452	0.247	0.119	0.603	0.374	0.208	0.12	0.105	0.829	0.63	0.43	0.228	0.119	0.699	0.522	0.349	0.224	0.123	C	OD
25800	0.739	0.618	0.48	0.268	0.124	0.625	0.394	0.225	0.124	0.106	0.834	0.639	0.462	0.249	0.124	0.716	0.535	0.371	0.238	0.128	C	OD
26400	0.749	0.627	0.498	0.291	0.131	0.642	0.411	0.241	0.128	0.106	0.823	0.656	0.487	0.27	0.13	0.709	0.552	0.391	0.252	0.133	C	OD
27000	0.754	0.652	0.519	0.316	0.139	0.661	0.429	0.261	0.133	0.106	0.823	0.674	0.515	0.291	0.137	0.714	0.552	0.407	0.267	0.14	C	OD
27600	0.759	0.659	0.532	0.34	0.149	0.676	0.448	0.282	0.139	0.107	0.829	0.684	0.539	0.316	0.146	0.722	0.57	0.426	0.282	0.147	C	OD
28200	0.768	0.674	0.546	0.369	0.163	0.692	0.467	0.304	0.146	0.107	0.828	0.698	0.57	0.341	0.158	0.725	0.584	0.444	0.298	0.155	C	OD
28800	0.771	0.689	0.556	0.394	0.178	0.709	0.485	0.322	0.154	0.108	0.832	0.706	0.603	0.366	0.171	0.727	0.583	0.46	0.315	0.165	C	OD
29400	0.775	0.696	0.576	0.428	0.195	0.723	0.501	0.341	0.163	0.109	0.837	0.72	0.627	0.4	0.185	0.745	0.596	0.475	0.331	0.173	C	OD
30000	0.782	0.702	0.593	0.454	0.213	0.736	0.52	0.358	0.174	0.11	0.838	0.731	0.632	0.438	0.201	0.753	0.584	0.49	0.349	0.182	C	OD
30600	0.786	0.711	0.591	0.481	0.232	0.745	0.539	0.376	0.185	0.111	0.842	0.738	0.649	0.472	0.219	0.77	0.591	0.499	0.364	0.192	C	OD
31200	0.787	0.719	0.589	0.512	0.252	0.754	0.556	0.395	0.198	0.112	0.846	0.739	0.67	0.504	0.235	0.771	0.597	0.51	0.381	0.202	C	OD
31800	0.781	0.727	0.614	0.525	0.272	0.763	0.576	0.411	0.212	0.114	0.848	0.74	0.682	0.526	0.255	0.786	0.606	0.522	0.4	0.213	C	OD
32400	0.79	0.734	0.628	0.543	0.295	0.772	0.59	0.427	0.228	0.116	0.849	0.746	0.693	0.552	0.275	0.791	0.623	0.537	0.418	0.226	C	OD
33000	0.788	0.738	0.641	0.582	0.315	0.78	0.607	0.446	0.245	0.118	0.853	0.745	0.695	0.575	0.298	0.798	0.618	0.547	0.432	0.237	C	OD
33600	0.784	0.744	0.656	0.599	0.342	0.785	0.621	0.462	0.265	0.122	0.86	0.749	0.701	0.594	0.319	0.796	0.611	0.555	0.449	0.252	C	OD
34200	0.795	0.745	0.662	0.607	0.373	0.793	0.636	0.481	0.285	0.126	0.863	0.748	0.706	0.615	0.343	0.807	0.62	0.566	0.467	0.265	C	OD
34800	0.792	0.745	0.667	0.615	0.406	0.797	0.648	0.496	0.304	0.13	0.871	0.756	0.713	0.622	0.38	0.816	0.629	0.577	0.477	0.285	C	OD
35400	0.793	0.747	0.682	0.628	0.437	0.804	0.659	0.514	0.323	0.135	0.874	0.747	0.732	0.638	0.407	0.821	0.642	0.586	0.493	0.305	C	OD
36000	0.795	0.745	0.695	0.638	0.473	0.809	0.671	0.529	0.343	0.141	0.877	0.761	0.738	0.655	0.455	0.825	0.647	0.593	0.505	0.328	C	OD
36600	0.797	0.745	0.698	0.65	0.511	0.816	0.684	0.544	0.361	0.147	0.88	0.761	0.742	0.67	0.479	0.84	0.672	0.602	0.524	0.354	C	OD
37200	0.799	0.746	0.71	0.659	0.542	0.821	0.694	0.556	0.379	0.155	0.887	0.766	0.743	0.681	0.515	0.842	0.678	0.606	0.536	0.382	C	OD
37800	0.8	0.746	0.716	0.666	0.562	0.827	0.7	0.572	0.395	0.164	0.891	0.763	0.749	0.688	0.554	0.847	0.691	0.616	0.549	0.402	C	OD
38400	0.799	0.745	0.718	0.676	0.576	0.833	0.712	0.583	0.411	0.174	0.889	0.777	0.755	0.698	0.596	0.861	0.711	0.62	0.565	0.426	C	OD
39000	0.801	0.743	0.717	0.686	0.59	0.837	0.717	0.598	0.427	0.186	0.897	0.775	0.757	0.705	0.635	0.87	0.717	0.632	0.574	0.449	C	OD
39600	0.803	0.745	0.718	0.693	0.61	0.844	0.725	0.614	0.445	0.2	0.897	0.778	0.754	0.713	0.655	0.872	0.731	0.638	0.586	0.476	C	OD
40200	0.807	0.747	0.72	0.706	0.62	0.849	0.734	0.629	0.465	0.214	0.905	0.782	0.757	0.717	0.68	0.877	0.746	0.639	0.598	0.511	C	OD
40800	0.81	0.747	0.72	0.711	0.635	0.853	0.741	0.643	0.484	0.233	0.911	0.798	0.758	0.725	0.701	0.891	0.751	0.646	0.607	0.538	C	OD
41400	0.81	0.748	0.719	0.714	0.642	0.859	0.746	0.658	0.508	0.254	0.914	0.798	0.76	0.728	0.721	0.892	0.754	0.649	0.618	0.569	C	OD
42000	0.812	0.75	0.719	0.724	0.656	0.863	0.751	0.67	0.532	0.276	0.919	0.806	0.766	0.735	0.729	0.897	0.767	0.655	0.622	0.592	C	OD
42600	0.812	0.75	0.719	0.729	0.669	0.867	0.754	0.682	0.56	0.298	0.926	0.807	0.773	0.741	0.742	0.895	0.782	0.66	0.626	0.615	C	OD
43200	0.815	0.752	0.718	0.734	0.68	0.87	0.763	0.694	0.584	0.322	0.929	0.818	0.778	0.746	0.76	0.898	0.792	0.666	0.64	0.629	C	OD
43800	0.817	0.753	0.719	0.737	0.688	0.874	0.767	0.7	0.606	0.35	0.932	0.829	0.782	0.747	0.776	0.903	0.793	0.673	0.64	0.644	C	OD
44400	0.819	0.755	0.72	0.74	0.696	0.876	0.774	0.711	0.624	0.375	0.934	0.84	0.783	0.751	0.789	0.915	0.806	0.678	0.644	0.658	C	OD
45000	0.822	0.755	0.722	0.74	0.705	0.88	0.778	0.72	0.644	0.398	0.936	0.843	0.784	0.751	0.802	0.92	0.806	0.684	0.649	0.668	C	OD
45600	0.827	0.757	0.724	0.739	0.714	0.883	0.784	0.733	0.661	0.42	0.939	0.852	0.799	0.755	0.81	0.916	0.814	0.691	0.657	0.673	C	OD
46200	0.828	0.757	0.726	0.739	0.722	0.883	0.787	0.742	0.678	0.443	0.937	0.862	0.801	0.759	0.817	0.923	0.823	0.704	0.654	0.678	C	OD
46800	0.828	0.758	0.727	0.742	0.728	0.886	0.793	0.746	0.691	0.464	0.94	0.865	0.803	0.765	0.82	0.929	0.824	0.713	0.663	0.687	C	OD
47400	0.828	0.761	0.729	0.741	0.734	0.888	0.799	0.753	0.707	0.482	0.945	0.872	0.808	0.77	0.825	0.927	0.833	0.722	0.668	0.69	C	OD
48000	0.832	0.761	0.731	0.742	0.735	0.889	0.803	0.758	0.72	0.503	0.946	0.875	0.811	0.77	0.83	0.931	0.835	0.733	0.673	0.699	C	OD
48600	0.835	0.764	0.731	0.743	0.737	0.891	0.804	0.762	0.731	0.521	0.949	0.879	0.816	0.775	0.832	0.929	0.841	0.742	0.68	0.701	C	OD
49200	0.834	0.766	0.733	0.744	0.741	0.892	0.809	0.77	0.742	0.538	0.947	0.885	0.823	0.783	0.834	0.938	0.848	0.751	0.681	0.702	C	OD
49800	0.841	0.765	0.733	0.745	0.741	0.893	0.814	0.775	0.751	0.555	0.954	0.892	0.828	0.786	0.835	0.943	0.849	0.76	0.682	0.707	C	OD
50400	0.841	0.769	0.736	0.748	0.739	0.894	0.817	0.784	0.761	0.576	0.956	0.898	0.832	0.788	0.839	0.945	0.852	0.772	0.686	0.71	C	OD
51000	0.842	0.769	0.739	0.748	0.742	0.895	0.821	0.788	0.769	0.592	0.955	0.901	0.838	0.793	0.844	0.943	0.861	0.781	0.692	0.713	C	OD
51600	0.844	0.768	0.737	0.749	0.75	0.898	0.824	0.792	0.776	0.609	0.959	0.904	0.844	0.8	0.845	0.949	0.867	0.79	0.699	0.716	C	OD
52200	0.845	0.771	0.741	0.751	0.748	0.898	0.825	0.796	0.783	0.623	0.957	0.906	0.853	0.802	0.851	0.95	0.868	0.8	0.71	0.719	C	OD
52800	0.846	0.773	0.741	0.751	0.751	0.898	0.828	0.802	0.789	0.633	0.958	0.91	0.854	0.805	0.851	0.95	0.868	0.807	0.716	0.721	C	OD
53400	0.849	0.775	0.744	0.753	0.751	0.9	0.829	0.808	0.795	0.65	0.964	0.915	0.863	0.807	0.854	0.947	0.87	0.816	0.725	0.724	C	OD
54000	0.851	0.774	0.744	0.753	0.753	0.903	0.833	0.812	0.8	0.662	0.965	0.917	0.864	0.811	0.86	0.953	0.871	0.826	0.734	0.729	C	OD
54600	0.852	0.777	0.748	0.756	0.757	0.902	0.833	0.816	0.805	0.678	0.965	0.92	0.868	0.815	0.861	0.955	0.874	0.833	0.741	0.732	C	OD
55200	0.855	0.777	0.747	0.756	0.761	0.904	0.835	0.82	0.811	0.689	0.967	0.922	0.871	0.82	0.867	0.961	0.863	0.84	0.749	0.741	C	OD
55800	0.858	0.778	0.749	0.759	0.762	0.905	0.838	0.824	0.816	0.698	0.971	0.922	0.874	0.826	0.869	0.958	0.87	0.846	0.76	0.747	C	OD
56400	0.859	0.781	0.75	0.76	0.763	0.908	0.839	0.826	0.822	0.707	0.972	0.923	0.877	0.832	0.873	0.963	0.867	0.853	0.768	0.753	C	OD
57000	0.862	0.783	0.753	0.763	0.765	0.909	0.841	0.829	0.827	0.716	0.977	0.922	0.88	0.837	0.878	0.958	0.864	0.858	0.774	0.761	C	OD
57600	0.865	0.784	0.755	0.764	0.768	0.911	0.84	0.832	0.831	0.724	0.981	0.924	0.884	0.844	0.881	0.961	0.864	0.863	0.78	0.768	C	OD
58200	0.868	0.785	0.755	0.765	0.77	0.913	0.842	0.834	0.836	0.731	0.982	0.923	0.887	0.849	0.884	0.959	0.866	0.867	0.789	0.776	C	OD
58800	0.87	0.788	0.759	0.766	0.77	0.913	0.844	0.839	0.841	0.739	0.981	0.925	0.89	0.852	0.887	0.967	0.872	0.868	0.804	0.783	C	OD
59400	0.872	0.789	0.759	0.768	0.774	0.917	0.844	0.84	0.845	0.744	0.987	0.925	0.889	0.859	0.896	0.97	0.871	0.869	0.808	0.792	C	OD
60000	0.872	0.79	0.763	0.77	0.773	0.918	0.845	0.843	0.85	0.751	0.988	0.925	0.894	0.865	0.898	0.971	0.874	0.869	0.815	0.8	C	OD
60600	0.876	0.792	0.763	0.772	0.777	0.919	0.846	0.846	0.855	0.757	0.989	0.927	0.895	0.872	0.909	0.973	0.871	0.869	0.82	0.805	C	OD
61200	0.879	0.795	0.764	0.772	0.777	0.922	0.847	0.847	0.86	0.76	0.996	0.929	0.899	0.874	0.91	0.976	0.869	0.867	0.825	0.815	C	OD
61800	0.883	0.796	0.765	0.774	0.781	0.924	0.849	0.849	0.863	0.766	0.994	0.93	0.902	0.883	0.913	0.976	0.871	0.866	0.826	0.821	C	OD
62400	0.884	0.799	0.769	0.778	0.781	0.926	0.85	0.852	0.868	0.771	0.995	0.931	0.903	0.885	0.918	0.977	0.874	0.866	0.831	0.827	C	OD
63000	0.887	0.801	0.772	0.778	0.782	0.928	0.85	0.854	0.872	0.776	0.998	0.936	0.906	0.892	0.925	0.977	0.871	0.868	0.836	0.833	C	OD
63600	0.89	0.803	0.772	0.781	0.787	0.929	0.851	0.854	0.875	0.78	0.995	0.936	0.908	0.893	0.926	0.976	0.87	0.87	0.832	0.839	C	OD
64200	0.894	0.805	0.776	0.782	0.787	0.93	0.851	0.855	0.878	0.785	1.001	0.938	0.911	0.9	0.931	0.977	0.869	0.869	0.844	0.845	C	OD
64800	0.895	0.807	0.776	0.784	0.789	0.931	0.854	0.858	0.882	0.79	0.996	0.941	0.91	0.9	0.935	0.984	0.875	0.871	0.849	0.848	C	OD
65400	0.899	0.81	0.777	0.785	0.793	0.934	0.855	0.858	0.884	0.794	1	0.946	0.912	0.902	0.939	0.984	0.876	0.871	0.854	0.853	C	OD
66000	0.901	0.811	0.78	0.786	0.792	0.936	0.856	0.86	0.888	0.8	1.002	0.952	0.916	0.903	0.939	0.981	0.874	0.873	0.859	0.856	C	OD
66600	0.901	0.813	0.781	0.788	0.796	0.938	0.857	0.86	0.89	0.803	0.998	0.956	0.916	0.907	0.94	0.983	0.875	0.873	0.863	0.862	C	OD
67200	0.906	0.817	0.784	0.791	0.8	0.941	0.858	0.861	0.894	0.808	1.002	0.96	0.919	0.911	0.946	0.986	0.874	0.875	0.869	0.867	C	OD
67800	0.906	0.819	0.787	0.794	0.802	0.942	0.86	0.862	0.896	0.813	1.004	0.963	0.921	0.913	0.948	0.986	0.876	0.875	0.869	0.871	C	OD
68400	0.908	0.818	0.789	0.795	0.803	0.944	0.861	0.864	0.897	0.818	1	0.967	0.923	0.916	0.949	0.99	0.875	0.876	0.873	0.872	C	OD
69000	0.912	0.822	0.79	0.798	0.805	0.946	0.861	0.863	0.9	0.823	1.004	0.969	0.925	0.919	0.954	0.987	0.885	0.877	0.87	0.877	C	OD
69600	0.913	0.822	0.792	0.799	0.806	0.948	0.864	0.866	0.902	0.827	1.003	0.972	0.927	0.923	0.954	0.987	0.881	0.878	0.87	0.88	C	OD
70200	0.914	0.826	0.795	0.803	0.806	0.951	0.865	0.867	0.905	0.832	1.002	0.971	0.928	0.923	0.957	0.986	0.876	0.879	0.871	0.885	C	OD
70800	0.917	0.827	0.797	0.804	0.812	0.953	0.867	0.869	0.907	0.836	1.002	0.972	0.93	0.927	0.963	0.987	0.884	0.88	0.872	0.889	C	OD
71400	0.919	0.83	0.8	0.808	0.812	0.955	0.868	0.87	0.909	0.84	1.004	0.975	0.931	0.93	0.968	0.992	0.878	0.881	0.873	0.891	C	OD
72000	0.919	0.831	0.801	0.81	0.815	0.958	0.868	0.872	0.91	0.844	1.002	0.977	0.932	0.932	0.966	0.991	0.883	0.88	0.873	0.895	C	OD
72600	0.92	0.833	0.804	0.813	0.816	0.961	0.871	0.873	0.912	0.849	1.003	0.98	0.934	0.936	0.97	0.994	0.88	0.882	0.877	0.897	C	OD
73200	0.921	0.836	0.807	0.815	0.819	0.962	0.872	0.873	0.913	0.852	1	0.98	0.938	0.94	0.97	0.993	0.88	0.883	0.88	0.898	C	OD
73800	0.922	0.836	0.809	0.817	0.82	0.964	0.873	0.874	0.915	0.856	1.004	0.98	0.944	0.944	0.972	0.993	0.878	0.884	0.883	0.901	C	OD
74400	0.923	0.836	0.811	0.818	0.823	0.965	0.874	0.875	0.915	0.86	1.005	0.976	0.945	0.95	0.974	0.995	0.88	0.885	0.885	0.902	C	OD
75000	0.924	0.838	0.811	0.821	0.823	0.965	0.875	0.877	0.917	0.863	1.001	0.977	0.948	0.951	0.975	0.996	0.877	0.885	0.887	0.904	C	OD
75600	0.927	0.84	0.813	0.823	0.828	0.966	0.878	0.878	0.917	0.865	0.999	0.979	0.95	0.95	0.978	0.996	0.881	0.887	0.889	0.906	C	OD
76200	0.927	0.841	0.816	0.826	0.83	0.969	0.878	0.879	0.919	0.867	0.999	0.974	0.952	0.952	0.975	0.994	0.886	0.887	0.892	0.908	C	OD
76800	0.928	0.844	0.818	0.827	0.833	0.97	0.881	0.88	0.92	0.87	0.997	0.979	0.952	0.955	0.982	0.998	0.887	0.887	0.895	0.91	C	OD
77400	0.931	0.841	0.818	0.83	0.836	0.973	0.882	0.882	0.921	0.873	1	0.978	0.954	0.955	0.982	0.998	0.886	0.888	0.897	0.91	C	OD
78000	0.931	0.842	0.821	0.832	0.838	0.975	0.884	0.883	0.923	0.877	1	0.981	0.953	0.959	0.986	0.999	0.886	0.89	0.897	0.914	C	OD
78600	0.932	0.843	0.822	0.836	0.84	0.977	0.885	0.886	0.923	0.878	0.998	0.98	0.954	0.962	0.985	0.998	0.888	0.891	0.894	0.916	C	OD
79200	0.933	0.845	0.824	0.837	0.844	0.978	0.887	0.887	0.925	0.88	0.998	0.981	0.955	0.961	0.987	0.997	0.888	0.891	0.898	0.918	C	OD
79800	0.933	0.847	0.826	0.836	0.848	0.98	0.888	0.888	0.926	0.883	0.999	0.976	0.956	0.966	0.99	0.998	0.893	0.891	0.896	0.92	C	OD
80400	0.936	0.847	0.826	0.838	0.852	0.983	0.889	0.89	0.927	0.885	0.997	0.982	0.956	0.965	0.992	0.997	0.893	0.893	0.897	0.92	C	OD
81000	0.938	0.849	0.826	0.838	0.855	0.984	0.891	0.892	0.927	0.887	0.996	0.984	0.955	0.968	0.992	0.999	0.889	0.893	0.897	0.924	C	OD
81600	0.937	0.849	0.826	0.84	0.857	0.986	0.892	0.892	0.93	0.889	0.999	0.984	0.956	0.967	0.994	0.998	0.892	0.894	0.894	0.925	C	OD
82200	0.938	0.851	0.829	0.843	0.859	0.988	0.894	0.895	0.931	0.891	0.995	0.983	0.954	0.969	0.999	0.999	0.895	0.895	0.894	0.925	C	OD
82800	0.94	0.851	0.833	0.844	0.864	0.989	0.895	0.895	0.933	0.892	0.982	0.983	0.95	0.968	1.001	0.994	0.896	0.893	0.892	0.927	C	OD
83400	0.941	0.853	0.832	0.845	0.864	0.993	0.896	0.897	0.934	0.894	0.997	0.984	0.955	0.971	1.008	0.999	0.898	0.897	0.892	0.928	C	OD
84000	0.943	0.852	0.834	0.846	0.868	0.993	0.899	0.899	0.935	0.895	0.999	0.983	0.953	0.974	1.008	0.999	0.895	0.896	0.891	0.928	C	OD
84600	0.942	0.853	0.835	0.849	0.87	0.996	0.9	0.901	0.937	0.898	0.996	0.987	0.954	0.974	1.01	1	0.897	0.897	0.891	0.93	C	OD
85200	0.946	0.853	0.836	0.848	0.872	0.997	0.902	0.903	0.937	0.899	0.994	0.989	0.953	0.978	1.013	0.999	0.899	0.899	0.889	0.93	C	OD
85800	0.943	0.854	0.836	0.849	0.875	0.999	0.903	0.904	0.939	0.901	0.992	0.992	0.957	0.976	1.018	1	0.904	0.899	0.886	0.932	C	OD
86400	0.943	0.856	0.837	0.851	0.877	1.001	0.905	0.906	0.941	0.902	0.991	0.991	0.956	0.977	1.018	1	0.902	0.901	0.887	0.933	C	OD
