Time	B2	B3	B4	B5	B6	C2	C3	C4	C5	C6	D2	D3	D4	D5	D6	E2	E3	E4	E5	E6
2700	2.771456502	2.639196992	10.95047374	-3.871772715	9.360285767	6.730724837	3.909520975	9.075311485	0.499300465	7.917965731	3.652467282	-3.237338237	6.230223972	1.933000086	0.019186681	4.556413924	3.57299159	6.187260013	4.24860526	0.514834398
3600	1.254204899	-0.050124338	7.623401914	-4.847402142	5.681399023	5.416785525	0.862998575	5.582676893	-1.618674557	3.888765778	2.464150582	-5.214284808	2.505897202	-1.251593191	-2.221365806	3.566760487	1.154556136	3.316031847	1.3256282	-1.334403718
4500	2.221251221	-0.033691621	6.746643806	-3.906301409	4.49843431	6.858908111	0.920624416	4.874177992	-1.328396446	2.993022298	4.327355711	-4.440326574	2.018165377	-1.336350307	-1.845681799	5.588912748	1.065878743	2.677158781	0.789414714	-1.21020382
5400	3.78427191	0.061065448	6.054051938	-3.37606466	3.639316615	9.083023686	1.056163251	4.432231833	-1.152493904	2.28142915	6.562439074	-3.732479561	1.64293018	-1.434218676	-1.586558499	8.562031264	1.155484969	2.21891265	0.40102473	-1.104430767
6300	5.721481213	0.290101468	5.56269274	-3.000578229	2.941095664	10.58801396	1.361722094	4.086936084	-1.071281033	1.669591579	8.197300501	-2.905340692	1.299433827	-1.57837874	-1.477683865	9.074534977	1.527241463	1.901594666	0.118782317	-1.091135855
7200	6.006424321	0.561302486	5.183274347	-2.672064086	2.387494185	10.49715699	1.796637006	3.895687619	-0.978864213	1.202175578	8.50602174	-2.083927153	1.077475801	-1.585117942	-1.371809091	9.528885147	2.156243163	1.676150044	-0.074345304	-1.093473278
8100	6.67640044	1.051485192	4.970050073	-2.468352675	1.916313016	11.91632781	2.606489421	3.804379672	-0.952422219	0.85093289	9.609142673	-0.906272284	0.940234052	-1.602220425	-1.318925122	11.63919162	3.471649761	1.618436627	-0.193202762	-1.066620569
9000	8.760297871	1.848837264	4.781440403	-2.246548237	1.549605484	15.14361028	4.010539153	3.893018536	-0.914339877	0.610022687	13.00338179	0.741266868	1.009335023	-1.581134787	-1.190861426	15.40984826	5.686361714	1.752334488	-0.220282561	-1.023616069
9900	12.97937585	3.096451261	4.740075853	-2.016544717	1.27176824	19.55345981	6.153070485	4.054658329	-0.820961485	0.372355204	16.51673971	2.855998835	1.266561832	-1.506028344	-1.117875565	22.26914716	8.313939041	2.018233277	-0.26436625	-0.959879291
10800	16.34421142	4.761324061	4.853071125	-1.815842058	0.999241059	23.7393433	9.008499823	4.429691214	-0.712819589	0.213819095	19.48964869	5.162206506	1.679473521	-1.439042274	-1.019491378	25.54089578	10.09766348	2.57883634	-0.208070123	-0.913246156
11700	20.37148854	6.933007895	5.105020555	-1.651295064	0.851689546	28.58202139	11.21041887	4.964098661	-0.524681778	0.078312911	22.89065598	7.429734885	2.330294774	-1.325463616	-0.942156043	32.49991843	12.33278365	3.388765643	-0.072971619	-0.8350414
12600	24.56131009	9.126577662	5.53412219	-1.516811942	0.628089683	33.79148423	12.83674568	5.771740015	-0.373022582	-0.027060259	26.0703007	9.066901914	3.274895104	-1.107301215	-0.869629153	38.46191148	15.79239937	4.640251261	0.090799478	-0.803240901
13500	28.96181166	10.20984024	6.184043542	-1.280268306	0.544292511	38.77495897	15.84182898	7.016665449	-0.096149227	-0.091157646	29.71903054	11.31262816	4.607859685	-0.845410209	-0.791715858	45.11200523	18.82725432	6.723227232	0.405680005	-0.745618415
14400	34.31040632	12.77031956	7.268284923	-1.060113526	0.422829414	42.7925959	19.42675435	8.876407577	0.189898981	-0.105669776	32.79321253	14.06001101	6.247084808	-0.420560944	-0.628513696	50.57991376	23.57461844	9.493574137	0.840177148	-0.639820251
15300	38.12817789	16.16199845	8.998722296	-0.727805754	0.306867822	45.89902186	23.4509941	11.41344064	0.664631378	-0.143554317	36.01171622	16.673602	7.869466718	0.086976781	-0.516748495	55.67468521	29.35130215	12.21319022	1.474523146	-0.489546461
16200	41.85761362	19.78749768	11.02109675	-0.29841788	0.292952854	49.25183961	27.75741333	13.39992037	1.314063734	-0.075823948	38.52309948	19.43643246	9.5564637	0.791985657	-0.370592994	58.90543023	34.86701427	13.5462498	2.361677474	-0.378245209
17100	44.38152425	23.42257023	12.34414658	0.182108727	0.219565263	51.75023949	32.5032436	14.37439468	2.100082531	-0.031931666	41.74108664	22.76399893	10.86544184	1.740767546	-0.211800022	60.24846644	40.31338053	16.40626731	3.756207704	-0.198914874
18000	46.42794137	28.20020325	13.88016218	0.830502247	0.250487698	53.69184821	37.41230662	16.19329395	3.206060612	0.082740699	43.56682405	25.85837388	12.51653312	2.980412565	0.072471208	60.22911573	45.99330381	20.51403085	6.005802662	0.000783734
18900	47.23586227	33.19973746	15.72928545	1.722664357	0.237497201	54.77888898	41.87142125	18.47674029	4.776773389	0.281043512	45.0979563	28.89237621	14.63091282	4.795198385	0.401285473	60.63831153	50.29608011	24.9881999	8.665321171	0.3857527
19800	47.36890354	37.99790382	18.87399646	3.11886099	0.383024991	54.68639918	45.59789788	21.35468841	6.977161182	0.591105351	45.88782096	31.17224665	16.8008231	6.669898327	0.821964251	59.19469401	54.18467506	29.67400476	10.39024758	0.805668474
20700	46.76406839	42.41097862	22.00499889	4.98135638	0.481478865	54.4552604	48.72017841	24.84064814	9.016720442	0.990431551	46.67681235	33.59517385	19.14946118	7.864432985	1.391195664	56.78598306	57.93742206	36.30075144	12.22411421	1.389278948
21600	44.34843275	45.76313085	25.8715626	6.862350794	0.761334882	52.2658999	50.97851544	28.51193219	10.17039944	1.576700171	47.86864877	35.91420414	21.29933195	8.85276786	2.132352556	54.45941362	59.56730151	42.43065204	14.94126896	2.392128477
22500	42.85140811	48.10261826	29.80735317	8.067223956	1.051471676	51.10687698	52.83731915	32.62768496	11.82139048	2.335585294	49.34271287	37.57820326	23.92959045	10.63195585	3.130751154	52.94380088	59.49552948	48.49857023	18.65867448	3.772367994
23400	41.98158056	49.45560067	34.33070037	9.508050906	1.551336719	49.64414157	53.77552465	36.09440302	13.89119663	3.291880021	48.30483321	38.95367674	26.62953561	12.46819382	4.353056746	51.23156631	59.22109752	52.90876192	23.43605233	5.294944035
24300	40.31430342	50.93911238	38.66031177	11.62915506	2.278267628	48.58879024	54.23074863	39.25797261	16.10692114	4.267346068	48.14410533	40.11910908	29.2955514	14.88410379	5.594486211	48.95297791	58.83100011	55.1746306	29.12212747	6.532485587
25200	38.83148252	51.31662496	43.15784632	14.33851334	3.252237352	47.2022864	53.22105008	41.98392451	18.81797786	5.24123213	48.3760882	41.12311269	32.12246205	17.24141742	6.694309864	46.35099574	56.93274996	58.82386468	35.73020633	7.95173366
26100	36.69865263	50.58239796	46.98130888	17.37889801	4.386101482	45.77477831	51.35588835	44.58576084	21.43649213	6.171701875	46.86615019	41.79210402	34.86681745	19.75347386	7.71235392	43.03522491	53.75917424	59.82533434	41.50625172	9.809532145
27000	34.68139431	48.13316699	49.7340623	20.77405434	5.495773614	44.22004294	48.91780679	46.69380769	24.35360587	7.225030548	46.24198499	42.05522986	37.20974176	22.40748709	8.80775241	38.29677475	51.22145706	59.21859665	47.30571607	12.09569833
27900	32.80292705	47.36099955	51.9648184	24.56592872	6.656665067	43.32362556	47.05095795	48.65022022	27.55729233	8.361185951	43.71810665	42.503299	39.61889183	25.15437416	10.04140792	33.74751329	48.94489599	59.20793449	52.3791102	14.90395393
28800	31.18999763	46.59116984	53.56002631	28.54970803	7.977406589	41.28314057	45.14377215	49.79978117	30.79399099	9.756508398	42.60335121	42.53586485	41.42115733	27.9056879	11.3327872	29.58472469	46.94480416	57.74473978	55.89117228	18.20432307
29700	28.72923097	45.02730354	54.87334724	32.75158485	9.551549604	39.30329909	43.37792307	50.81666591	33.98606325	11.47522202	41.86600386	42.33005298	43.16887545	30.70083524	12.84110162	26.90567222	44.23611741	56.14667068	58.68712043	22.15162712
30600	25.55639483	42.8957292	54.84119048	36.66879449	11.39731285	35.49807892	41.37036435	50.55596315	36.35162119	13.47007869	39.10884906	41.51388214	44.11388446	33.41221268	14.48126711	24.4864936	40.59153706	53.61796118	60.31667042	26.38436653
31500	23.18284097	40.83448373	53.16533291	40.09243495	13.5096147	32.06070674	39.29607469	50.52310163	38.72925903	15.59423923	37.91412262	41.30567814	44.89383003	35.35914311	16.4116837	22.2058161	38.35705038	51.0994057	59.09025193	30.75919519
32400	20.86815989	38.72807148	50.51103559	42.83533952	15.85053601	29.22949569	37.55104414	48.3089405	40.47029674	17.78377314	35.89322726	40.98289622	45.77582431	37.06742115	18.41588373	20.38307333	35.67018861	49.01202536	59.22951277	35.44618236
33300	19.78742972	36.77110831	47.64193489	44.74686886	18.44906368	27.19126553	36.00477063	46.77132307	42.08291574	20.06343654	32.86611251	39.77825659	45.70453014	38.69596082	20.55196142	19.36035344	32.04901709	46.73359112	57.91598418	38.87723334
34200	18.17177949	34.62409485	45.3439515	45.65695565	21.22030135	25.48242314	35.09373168	44.91504913	43.14588539	22.23996538	29.60260033	39.1352312	45.98523046	40.07265945	22.76245312	18.6802226	28.82145878	44.5310259	55.47857747	41.79663987
35100	17.04886407	32.07093342	43.13393818	45.83432068	24.18315169	24.14629717	33.83674465	43.33524668	44.0119389	24.56282802	27.1440255	37.41568515	45.32990066	41.36201842	25.09285467	18.28796462	25.82750394	41.7485913	51.72882372	44.58063402
36000	16.81759558	29.71302073	40.75469369	45.80441405	27.16832072	22.70116239	31.94783792	42.1824369	44.82031584	26.68429934	23.71741331	36.20749966	44.15046473	42.39686831	27.55134244	17.84629746	23.25827773	39.23351234	48.57081595	47.16763428
36900	16.74623709	27.45459316	37.92567959	44.78877495	30.21857712	21.85182307	29.71919337	40.00337363	45.13065268	28.54985032	21.56928686	34.14369769	43.36650053	42.96630271	30.00275488	17.38914225	21.23211398	35.96315045	47.17602873	48.15615274
37800	16.00958293	25.53686405	35.32574588	43.75388529	33.18217616	21.1573449	26.48544339	37.53276831	44.99648432	30.37987822	19.84319922	32.76074456	42.3479025	43.13654139	32.31446656	16.80275073	19.32309228	33.19948749	46.20567297	49.30129482
38700	15.93977262	23.68816442	32.60450798	42.23279203	35.98823612	20.58291686	23.63252811	35.85021368	44.15225401	31.95277129	18.72563124	30.97630738	40.93276726	43.18067774	34.68852601	16.3031357	17.72918223	30.57660844	42.72825682	49.3065559
39600	15.47494621	21.93678673	29.94985343	40.47592857	38.31962578	20.20283397	21.67869641	34.27962519	42.91431976	33.3224659	17.79562664	29.53454866	39.0418465	43.03656018	36.96172372	15.50847652	16.71462369	28.11749338	39.75601372	49.88408503
40500	15.03766453	20.70418416	28.82097017	38.81694939	40.34839452	19.96334675	20.31490922	32.66981017	41.98096506	34.56382174	16.91497276	27.8797291	38.02071187	42.32795736	38.96820109	14.65937671	16.16631842	25.48432063	36.73728005	50.20075052
41400	15.22944202	19.42615365	26.62712317	36.66034415	41.67645145	19.85694684	18.71772144	31.27584539	41.07718405	35.41673088	16.19376354	25.70728456	36.30830702	41.57729199	40.50506244	13.8520598	15.66493933	23.47004536	34.12167568	50.19913908
42300	14.5473787	18.36580959	25.18806984	34.69277357	42.36042811	19.67027562	17.68526336	29.71067671	40.20283154	35.88253536	15.62794704	23.17445906	34.85958507	40.94457813	41.50291132	13.22490629	15.08366769	21.65815717	30.84919839	49.45246883
43200	14.37570148	17.92844527	24.22293723	32.61069496	42.59005819	19.53803884	16.83121197	27.55732694	39.142621	36.38167729	15.13151092	20.7612451	33.46006275	39.62508681	41.87250944	12.58000188	14.46299819	20.03227886	27.71199629	47.64670616
44100	14.03650705	17.43526505	22.82305099	30.96735715	41.89813368	19.45562428	16.1448238	25.72988714	38.10594004	36.99902483	14.66192858	19.22352441	31.22057223	38.3961565	41.86992898	12.11240688	13.91663211	18.71482344	24.60315212	46.04384846
45000	13.128696	16.68892398	22.28943986	28.8800812	41.0227315	19.38514842	15.69762009	23.72754147	36.99966762	36.77666115	14.11063476	18.38373159	29.60611822	37.15613919	41.30501103	11.63825461	13.53746804	17.82703735	22.02872907	44.12558726
45900	12.50086334	16.3726027	21.03272276	26.4472915	39.75837307	19.27181904	15.27609489	21.64622874	35.66133728	36.68340502	13.39837236	17.00710478	25.97529477	35.41832926	41.0445291	11.24311769	13.06578887	16.98116464	19.74272308	42.58918486
46800	11.81660695	16.24764512	19.78970218	24.60176282	38.65520341	19.18582199	14.86261228	20.00352714	34.3260289	36.60848024	12.6695166	16.27961658	24.33354708	33.53948277	40.67830313	10.90176852	12.70201867	16.29978598	18.07296356	40.13072657
47700	10.95055835	15.96278649	18.88648433	22.95013603	37.76848142	19.10325811	14.5061023	18.50930058	33.04973544	36.13452464	12.05785018	15.35894691	22.03403646	32.03018936	39.84840733	10.47550545	12.43330993	15.78067539	17.13514245	37.67883548
48600	10.55237939	15.15076834	17.53569692	21.74560056	36.71671975	19.07732188	14.22774654	16.91709226	31.89768741	35.59863906	11.5007092	14.67191416	20.53516976	30.40153381	39.12276706	10.1090929	11.97039259	15.36516687	16.2127447	35.13232077
49500	10.25743667	13.90075532	16.2152769	19.82838339	35.39691482	19.10948557	14.09147004	15.9613148	30.15531623	34.84392292	11.08067489	13.83357494	19.25613677	28.7423175	37.9837126	9.760016204	11.57749875	14.92509551	15.61531682	32.38444238
50400	9.939174784	13.12323315	14.78980545	19.13582323	33.96241957	19.14196301	13.85162026	15.26978622	28.72875609	34.19894966	10.62623134	13.11705444	17.80840481	27.35480532	37.09376834	9.450263497	11.21500672	14.27995459	14.93745266	29.02593397
51300	9.549039388	12.64461865	14.10031296	17.91823608	31.51988351	19.06790297	13.63675455	14.41177398	26.28711962	33.14391614	10.27583475	12.42049953	16.93104574	25.5021935	35.83237321	9.240793172	10.97493869	13.62262819	14.31609012	25.86614667
52200	9.046814438	11.97240654	13.68771013	17.58078859	29.36842284	19.01042311	13.54379395	13.74370372	24.03123615	32.10035041	9.980004974	11.73270822	15.722921	24.00592713	34.88432169	9.024401133	10.64990768	13.05590004	13.79700952	23.64323611
53100	8.732479621	11.46715117	13.02146808	16.33840705	28.13934539	19.0044757	13.38603431	13.15116476	21.89543013	30.74165041	9.714679268	11.23898669	14.39938997	21.83663132	33.55995816	8.79365106	10.38034477	12.66838836	13.32998295	21.70641088
54000	8.617527735	11.04695804	12.23316379	16.41032456	26.15173319	18.98064293	13.29224574	12.78978717	19.97655636	29.53011376	9.45990745	10.77433238	13.29229522	19.89941742	32.30372358	8.591098072	10.16946887	12.25833888	12.82173312	19.98284515
54900	8.538926243	10.65241169	11.78431218	15.76160879	24.39288947	19.0034389	13.21846945	12.45409767	18.33158445	28.03065007	9.239027304	10.35412509	12.44257258	18.67015148	30.72257161	8.417294569	9.912062458	11.97617814	12.35026766	18.43170325
55800	8.445689273	10.35236236	11.57478451	14.65224126	23.06264811	18.97593048	13.18657912	12.20371697	17.36254338	26.05202227	9.103115121	9.986454271	11.74732302	17.23344813	28.81443088	8.29955317	9.597534595	11.67967346	11.96387082	17.05797194
56700	8.186586884	9.78578731	11.59237567	14.48282845	21.94145937	18.98866397	13.10650212	12.13902153	16.44914933	24.11362619	8.964660077	9.659963219	11.1481029	15.97822519	27.3928526	8.128796572	9.254576628	11.26267154	11.60527058	15.86000287
57600	8.052631267	9.33468246	11.14612859	14.01912563	19.89632394	18.96590243	13.06864634	12.01113919	15.30695805	21.84694091	8.844101293	9.494454231	10.61118382	15.18240738	25.61226265	8.052027114	9.006085467	10.9382697	11.26097826	14.84854869
58500	7.87996811	9.152875031	10.85345368	12.67628749	18.59979914	18.92858829	13.00844194	11.8858975	14.45039842	19.76535744	8.703283051	9.315006891	10.08025407	14.7645967	23.82703505	7.910449858	8.742381086	10.6992873	11.04255857	13.91899632
59400	7.742672527	8.969811936	10.55176095	12.20222885	17.05563738	18.95843418	12.9950928	11.80758034	13.88490175	18.06279911	8.602586154	9.021226458	9.661934525	14.07209266	22.17753388	7.797296644	8.49696004	10.43217122	10.79982258	13.05490756
60300	7.594958887	8.684604115	10.33428674	11.85559055	16.59997306	18.925614	12.93147366	11.71374157	13.49905152	16.06475737	8.505184049	8.783156752	9.186633841	13.24614605	20.32712938	7.681471376	8.253840553	10.20351611	10.50217899	12.29208128
61200	7.429517676	8.381919839	10.23411406	11.11851603	15.87142568	18.96878581	12.92530644	11.62457099	12.90356543	14.40898984	8.451206365	8.494360748	8.818936871	12.35679621	18.29487424	7.605436564	8.068958541	9.999565752	10.20744954	11.48438659
62100	7.265189288	8.056977651	10.07537138	10.79529713	15.20685119	18.94469698	12.86150091	11.52647367	12.20509101	12.59961904	8.431154114	8.152162807	8.393470259	11.38639996	16.5761214	7.518479206	7.918674813	9.767568764	9.880546542	10.78756403
63000	7.165530346	7.845200797	9.881485431	10.53817067	13.81360155	18.98885299	12.850254	11.45141327	11.85311409	11.32819597	8.356563029	7.954679942	8.122896557	10.71036721	14.9117954	7.403339021	7.77277814	9.599377438	9.527336459	10.10697192
63900	7.08391463	7.719124109	9.65959595	9.764053297	13.00158935	18.99394327	12.85419556	11.4846904	11.80986057	10.06835569	8.296804059	7.724012468	7.915513945	10.20019222	13.54976503	7.366907648	7.566344413	9.325452502	9.297643079	9.550953091
64800	6.946226828	7.574642866	9.536984247	9.309712771	12.33953527	19.01052059	12.8141003	11.50459115	11.80456769	9.255947735	8.314090178	7.479881017	7.812050582	9.377561889	12.5105564	7.321183806	7.423555462	9.088465236	8.979728494	9.065457886
65700	6.873416474	7.474857488	9.378422421	9.038278089	11.72555799	19.04272873	12.85362117	11.48383446	11.55196926	8.787889297	8.323710264	7.34385001	7.675428383	8.811500269	11.79444516	7.223557654	7.263232967	8.897233329	8.712852254	8.640992516
66600	6.823309948	7.326016983	9.195755287	8.809955162	11.01541637	19.05306928	12.80171291	11.44647422	11.30028243	8.883643116	8.312948387	7.224807809	7.484427528	8.457834309	11.37153069	7.207877083	7.20682399	8.685753105	8.531503093	8.265219484
67500	6.758916529	7.293565775	9.065063937	8.542097679	10.49925355	19.13377064	12.80587046	11.40317327	11.1503367	8.345635843	8.337760164	7.096308731	7.282909416	8.04541216	10.90654543	7.084875838	7.069576094	8.416315904	8.250043904	7.951196308
68400	6.670567056	7.131440726	8.940329891	8.323749129	9.802560158	19.17363381	12.80458206	11.4312175	11.09454818	7.653548208	8.373131732	6.925926978	7.105076603	7.812445245	10.26508122	7.152311091	6.962274007	8.222044911	8.093331263	7.644318525
69300	6.630729533	7.05147104	8.813395223	8.10787065	9.227506224	19.23296951	12.7990084	11.46951406	11.12281246	7.033055242	8.413094094	6.829541419	6.990291326	7.567100608	9.498721637	7.044085587	6.830776009	8.09365724	7.941737146	7.355836186
70200	6.613581812	6.970726018	8.757124629	7.959733613	9.328552385	19.2896402	12.81176525	11.50214548	11.02562762	6.652357958	8.449082996	6.724921444	6.835584303	7.321639248	9.073996166	7.011308228	6.761480172	7.957684958	7.813649261	7.142923639
71100	6.571584529	6.91154775	8.680839341	7.663086276	8.583882777	19.36729888	12.80806893	11.48366299	10.90326009	6.516529724	8.42480818	6.561020363	6.689924917	7.121673052	8.810719572	6.984494822	6.690065799	7.827229676	7.733652816	6.968094368
72000	6.522697776	6.866557319	8.61634652	7.420901953	7.810296593	19.4143575	12.8507026	11.51275511	10.86355982	6.443477284	8.494241695	6.474968891	6.518723533	6.88589374	8.346637723	6.942911997	6.62567397	7.745261844	7.64876026	6.856536963
72900	6.521458617	6.84511386	8.545220137	7.299753945	7.288744701	19.5025606	12.85583498	11.52682833	10.8087506	6.200260341	8.550964332	6.38132964	6.393912567	6.676886126	7.986232814	6.902800311	6.51113516	7.606271112	7.5139083	6.615830216
73800	6.493449123	6.823744745	8.481453626	7.137423656	7.150290265	19.56297187	12.86703398	11.59320054	10.77308268	5.787216185	8.583509609	6.286066718	6.201871354	6.540428412	7.642738933	6.888459942	6.482483014	7.507849144	7.492393827	6.440182442
74700	6.491568027	6.783480713	8.456716576	7.033404496	7.123903321	19.66060821	12.87122147	11.53460728	10.7553096	5.631839251	8.663234643	6.210387983	6.090675473	6.39426408	7.345107472	6.866798163	6.38171892	7.411672294	7.401232928	6.342035595
75600	6.443565532	6.735715099	8.350493055	6.890012021	6.856795361	19.7262324	12.88857132	11.58391186	10.70038836	5.461652531	8.696863083	6.091186461	5.983648816	6.318318913	7.061712435	6.824887787	6.348631774	7.303884423	7.357576089	6.206153025
76500	6.473429823	6.714801192	8.357810501	6.77287875	6.482353677	19.78226022	12.87897496	11.59407977	10.72816457	5.297909321	8.709483352	6.030965031	5.933265744	6.198948379	6.771349168	6.807149804	6.336845337	7.188436746	7.29919735	6.066657283
77400	6.469172713	6.743489191	8.28157318	6.583389747	6.115654788	19.88291917	12.89471039	11.59656617	10.68757267	5.312869811	8.769049473	5.949698212	5.879501555	6.0293512	6.538628581	6.770554592	6.220840237	7.094063937	7.237442118	6.01093281
78300	6.455510129	6.764120908	8.245801969	6.443420775	5.899326494	19.95066423	12.96876075	11.63161717	10.66415183	5.364974923	8.833354014	5.861112999	5.763006762	5.983286569	6.359438696	6.733247542	6.193327366	7.037339802	7.163878443	5.851349806
79200	6.481730051	6.696233027	8.239574218	6.360923388	5.668841662	20.01607719	12.94435974	11.64913895	10.73057902	5.378985845	8.882878095	5.826215466	5.728761651	5.889809312	6.392486653	6.730629392	6.144091039	6.932840711	7.062622623	5.806031677
80100	6.453232255	6.752720484	8.199825618	6.236197964	5.634123725	20.13531935	12.95657004	11.64330042	10.70373451	5.396047237	8.997069711	5.775880543	5.60995492	5.796641467	6.298951392	6.680367603	6.044686133	6.851840517	6.946440967	5.683111861
81000	6.453297777	6.769620315	8.14809784	6.114337646	5.49266527	20.20558972	12.99969406	11.65668514	10.6573495	5.257235483	9.09239964	5.748674705	5.550598845	5.679391018	6.092515832	6.63832407	5.967148446	6.797382065	6.93005834	5.623337283
81900	6.432161851	6.772416979	8.134815208	5.975871544	5.327730606	20.28537199	13.01475595	11.67775485	10.63386895	5.040620916	9.104954959	5.703225389	5.45592786	5.648428982	5.870880564	6.670346116	5.926305473	6.678823787	6.871667718	5.58044967
82800	6.437811834	6.783330247	8.043662499	5.942262901	5.207404453	20.34297498	13.05184774	11.73456966	10.62713935	4.963431344	9.112997152	5.682265497	5.386625644	5.579258455	5.738301416	6.578552686	5.855701947	6.583072928	6.715751545	5.473407404
83700	6.430646934	6.767866503	8.032243728	5.835727678	4.974708283	20.3963829	13.05558593	11.69962236	10.58563476	4.885727698	9.144945503	5.62479889	5.289908741	5.433116275	5.578596133	6.54676477	5.808188779	6.558329891	6.670825039	5.378936802
