Time	B2	B3	B4	B5	B6	C2	C3	C4	C5	C6	D2	D3	D4	D5	D6	E2	E3	E4	E5	E6
2700	15.95146616	-0.026368504	2.193371072	3.757929944	-2.338864431	15.55452764	-0.389681103	1.301229488	4.421333986	-0.278202128	4.545167577	1.090171145	1.069205755	2.115504827	2.913318152	2.801559764	3.747249213	-1.04888706	-3.988492317	1.016852499
3600	12.46444131	-1.898739757	-0.139903815	0.746544626	-3.54596162	13.61607054	-2.29806667	-1.830814891	0.621074523	-2.062505423	2.306331878	-1.601256032	-1.801997998	-0.684498967	-0.403735739	1.611047918	1.351174953	-2.868303043	-3.981878966	-0.843217082
4500	12.02611778	-1.367236329	-0.144082683	0.458623347	-2.932906694	15.02492779	-1.342026265	-2.005429276	0.27814891	-1.540103496	3.002587316	-1.317787763	-1.333542172	-0.248567352	-0.236589992	2.65745255	1.201078092	-2.547047792	-2.590583202	-0.798703206
5400	12.36123875	-0.912383074	-0.164515823	0.277448069	-2.541021797	16.82225131	-0.185773398	-2.034360059	0.076471652	-1.229731902	3.862748502	-1.13255344	-1.035143772	-0.038787882	-0.140069952	3.884837112	1.083426151	-2.315626356	-1.761201227	-0.771006204
6300	12.7502263	-0.487725161	-0.247287174	0.115534963	-2.308373613	16.74409669	1.204111799	-1.977022722	-0.073050489	-1.089202319	4.595602654	-0.911588023	-0.871458278	0.050218783	-0.134636049	5.375955487	1.147925274	-2.18887689	-1.195187225	-0.780602141
7200	13.17528929	0.054065924	-0.232762605	-0.030507182	-2.156857393	18.55238156	3.023524784	-1.770706468	-0.183193537	-1.044630395	5.412230219	-0.598464651	-0.714565475	0.124904902	-0.149920592	6.61870874	1.37118921	-2.050400972	-0.922649162	-0.77723669
8100	13.70630117	0.578350293	-0.159211373	-0.102619566	-2.101928553	21.17007058	4.779112732	-1.422250841	-0.222846458	-1.006977795	6.109896209	-0.303776156	-0.624691578	0.188582757	-0.16826989	7.639519445	1.681087404	-1.915185283	-0.612156381	-0.822689723
9000	14.25917696	1.225678951	-0.123163565	-0.102796999	-2.009022992	24.91645351	6.006649265	-0.933448597	-0.169781725	-0.917905932	6.850523563	0.014274568	-0.522545617	0.255874937	-0.185671726	8.775266877	2.313317526	-1.727301364	-0.398706968	-0.805467522
9900	14.93499307	2.017775051	0.042514196	-0.141444008	-1.932568271	30.12945689	7.791472103	-0.054421124	-0.145701175	-0.882093008	7.823686696	0.471947286	-0.388171056	0.315811243	-0.185082154	10.04492119	3.261363008	-1.592386845	-0.219570443	-0.849430357
10800	15.67006363	3.146893769	0.240977303	-0.155270202	-1.888172575	37.32821521	10.0806096	1.343934246	-0.028399189	-0.831262313	8.987210376	1.132419389	-0.207756929	0.398029668	-0.204995948	11.58847642	4.634883709	-1.355492757	-0.063573955	-0.837679962
11700	16.9193351	4.672900064	0.5337231	-0.067319505	-1.815103908	47.11645919	13.0354139	3.388841085	0.229611649	-0.709773884	10.40564769	1.956184751	0.025219325	0.498445308	-0.159008089	13.56331571	6.502140227	-1.099389476	0.076441173	-0.795015123
12600	18.54389688	6.338888627	0.969942125	0.014137486	-1.753862332	57.1547882	16.84418505	5.610328774	0.629017749	-0.630538304	12.08209962	3.086250617	0.272595278	0.601889522	-0.134586015	15.77477624	7.510764862	-0.82376381	0.214640131	-0.734676742
13500	20.53930406	8.051080042	1.444662945	0.12580223	-1.683867763	63.09903174	21.64792096	8.222863437	1.153175272	-0.495852448	13.86944906	4.273288035	0.573433062	0.676860578	-0.119506361	18.33017529	8.384357132	-0.512479004	0.383912218	-0.731811449
14400	23.21513811	9.165087469	2.155721962	0.22145065	-1.590737478	66.02113984	29.17086779	11.29660005	2.057948045	-0.340206062	15.84405218	5.584291705	0.958764191	0.845367294	-0.083808829	21.47199156	9.301486559	-0.140589169	0.493323491	-0.649628542
15300	26.62473001	10.17354941	2.949639561	0.435041029	-1.450147292	65.90801642	36.37519203	14.20069955	3.302704455	-0.094133317	18.62020784	6.829202537	1.32816213	1.001525975	-0.02973234	25.95638118	10.71873536	0.400117189	0.681381462	-0.640985247
16200	31.61669582	11.1029109	4.070225033	0.644501231	-1.423806862	63.26303655	43.09851385	18.12957181	4.906105132	0.195026133	22.0794064	8.096238264	1.768451684	1.176607102	0.071397448	30.01189305	12.35366742	1.07988387	0.867737253	-0.565817181
17100	33.747039	12.43790755	5.626924553	0.987101096	-1.318834195	59.20643568	49.43062239	23.00668658	7.077091029	0.657980722	25.19346334	9.376955559	2.34957316	1.371233692	0.113515409	33.29185138	14.38563552	1.834492704	1.136675655	-0.531715061
18000	37.79956572	13.94603237	7.490148093	1.330287186	-1.20309659	56.6611009	55.03171993	28.96054311	9.271556691	1.306122959	27.7222926	10.66085953	2.957906631	1.623531476	0.199402933	35.38469053	16.96942311	2.875090172	1.456796337	-0.467619253
18900	39.84009635	15.78793857	9.672825421	1.763009658	-1.060298441	53.79720199	58.26307947	35.01720334	11.01621067	2.220116513	31.03870084	12.05774547	3.623515025	1.855157987	0.277972239	37.99047537	20.3614308	4.16066438	1.823716959	-0.391661399
19800	41.97005176	18.22518922	10.99372022	2.317261901	-0.893263465	52.18066192	60.19272151	41.13337132	13.61394991	3.478636906	34.13320251	13.92436438	4.462757397	2.120449583	0.4369693	39.4591719	23.42430659	5.644282309	2.393379029	-0.357913204
20700	43.71267244	20.96463397	12.05354421	3.02651014	-0.643018646	50.72783525	59.84183657	47.67005356	16.84615037	4.986671969	37.44816238	15.90120216	5.374549409	2.41662871	0.521635107	40.66732482	26.77779747	6.79516578	3.210422285	-0.280032116
21600	45.11626645	23.49366308	13.54972623	3.976315613	-0.439313589	49.25778529	56.92445913	53.76823529	21.21764426	6.383532373	39.95932822	18.59787379	6.475375169	2.838044384	0.689493253	41.4304747	29.83033676	7.870202596	4.274560443	-0.151463939
22500	46.96538049	26.51836217	15.33765614	5.311264028	-0.080004358	47.59347084	52.56779798	58.3525794	26.78470506	7.915189163	42.25459988	20.66274482	7.656304696	3.286530744	0.819453028	41.68377664	32.61250562	9.053219725	5.398649018	-0.125769577
23400	48.25847677	30.02071541	17.37377937	6.862938271	0.438200591	44.76993729	49.33866519	58.61100741	32.2787154	9.919748913	43.68983211	23.52756899	9.072142703	3.821229995	1.024146767	41.30798342	35.18880658	10.50578787	6.50474363	0.014964665
24300	49.51593733	33.99627255	20.37764687	8.634465726	1.088595179	41.6445811	46.10197738	56.84673994	38.54462462	12.49489075	44.52176745	26.35893078	10.35382682	4.400611401	1.237317266	41.28125827	37.22090194	12.26945093	7.589148697	0.207335014
25200	49.92734602	37.57272651	23.11405685	9.949599243	2.020073356	38.27653348	43.87038177	54.56547483	44.58997777	16.07921729	44.8918111	29.39266536	11.44821793	5.018578033	1.522496497	40.66431817	38.60085419	14.42677737	8.855920824	0.391887624
26100	49.10042246	41.17948545	26.82275628	11.32112601	3.444764314	34.9601697	42.42015275	52.45468232	49.86281106	20.90953248	44.66197634	31.89517695	12.39656551	5.672179468	1.866174603	39.86535107	39.4520773	16.71317472	10.43537147	0.634415046
27000	47.76679675	44.28597741	31.37061834	13.0424533	5.712459983	31.60836472	42.57499014	50.60904084	54.66996624	26.57755591	44.54251561	35.43106587	13.41445471	6.50710333	2.286778925	38.98728662	39.82736197	19.16609704	12.25970028	0.941511296
27900	47.85305677	46.71903571	36.20754969	14.83615197	9.078491909	29.06990653	41.34416984	48.83704125	56.92570424	33.48432778	44.1737863	38.18360268	14.73094504	7.427030131	2.757869923	37.5462343	40.03757648	21.7060159	14.29107213	1.397071242
28800	47.77349346	48.23080242	41.31367259	16.98669769	13.50084096	28.31106924	39.8586057	46.22240614	55.70162539	40.09724271	45.04708042	40.5466368	16.46964425	8.221908506	3.265948226	36.2246702	39.75866191	24.10524171	16.5650445	2.047012316
29700	46.46252883	49.54311295	45.61914901	19.25168645	19.90490583	28.60739316	38.1334311	44.44705211	53.58873979	47.1420402	45.04998158	42.93697368	18.0740479	9.035478226	3.883763863	35.10366713	39.57718422	26.95327682	19.28148017	2.610378214
30600	45.45431492	49.82332095	49.00586709	21.5955865	25.40505628	28.39557945	35.46251265	43.14721401	51.38657304	52.51921811	45.21076706	44.47634363	20.39835385	9.808071005	4.489890446	34.32652064	38.70576083	29.59139204	22.54699022	3.419253353
31500	43.65994041	49.35316759	51.04424813	24.14732185	28.30345884	28.09776657	32.83257211	40.74659535	48.35010932	56.12664278	44.01461697	45.33154888	21.62615842	10.48811529	5.108494202	33.32695127	37.67160314	32.072266	25.37377724	4.19783267
32400	41.85957254	48.54540784	51.08349649	27.10543938	35.39418575	27.85820375	30.24093681	39.23221959	46.34140957	58.53903198	43.96116203	45.65810451	24.0914527	11.61495356	5.819633779	32.62930371	36.76872255	33.98323946	28.18649618	5.053284174
33300	39.87493936	48.14360518	50.86910591	30.20726033	39.6192093	27.67962047	28.21253817	37.05094581	44.29509891	59.5984198	44.02303175	46.34935097	26.53601221	12.75542784	6.675725353	32.16319295	36.1812708	35.79021302	31.27322331	5.96949978
34200	37.7649159	47.33576273	50.81924864	33.22685087	42.41652229	26.30257721	26.92114472	35.10874973	42.00289814	57.63002252	42.4864394	45.54286582	29.00296343	13.90433824	7.359393838	31.52161704	35.18464125	36.72867798	33.93189112	6.986598619
35100	35.03491992	46.85378435	49.88032315	36.69530027	48.16935717	24.86035518	25.7825269	32.24273001	40.14504959	54.7207437	40.48644693	46.07880386	31.89625611	15.38393563	8.012714488	30.85518982	33.87336329	37.42676142	36.1365981	8.134730794
36000	32.57961638	45.7919024	48.37671098	39.93124364	51.12503255	22.81277528	25.07618074	30.32078597	38.39350433	50.95740246	38.4615882	46.41073304	34.51466403	16.98237537	8.614449863	29.95575511	33.17438243	38.32767276	38.20425129	9.475865457
36900	30.36790104	44.4315292	47.27480101	42.77321089	50.71890978	20.89576619	24.90171359	28.25157945	36.24063519	47.71198629	35.54174655	46.72820433	37.5078109	18.88953911	9.311048808	29.05422786	32.68764985	38.02923115	39.81124163	10.82754861
37800	27.8788031	43.62578837	46.10914271	45.46609077	51.41090658	19.42852471	24.38626196	26.32270281	34.64342359	45.25019751	31.82205129	47.07622508	40.09034552	20.94374287	10.21253869	28.09384449	32.02322419	37.82472409	41.05405037	12.44362876
38700	26.51710911	41.79210283	44.93387543	47.68762165	53.51299508	18.68161222	24.2538311	25.47037005	32.31157445	42.7541248	27.65527061	46.68959766	42.52142168	23.25976721	11.19890146	27.00866002	31.44988899	36.45247199	41.43724589	14.22331552
39600	25.29790774	40.09352714	43.24021855	49.83218604	62.09180895	18.14997528	23.3530871	24.50262575	30.10684084	40.87124828	23.57255723	46.55905877	44.16948256	26.00609884	12.36222724	25.52605633	31.0200561	37.51818171	42.7698684	16.27948492
40500	24.22236178	37.93947131	42.4589162	51.16591127	73.44464681	17.34193715	22.31545331	23.55595165	27.51095621	39.50583032	20.01007738	46.06881308	44.6279189	28.22413897	13.7107554	24.27362101	30.22863938	36.76261248	43.1535054	18.37816266
41400	23.19348182	35.5969611	40.76856693	52.7172593	87.70318865	16.6569582	21.06222714	22.8861825	26.10281931	37.73896159	17.68040152	45.19461361	44.78825463	30.51679225	15.2520978	23.16353654	29.73826493	36.13079571	43.55185087	20.84884904
42300	21.95250755	33.02022013	39.619158	53.33749144	111.876717	16.01860484	19.41785615	22.55780217	24.65342227	35.70185896	15.91436295	43.66913489	44.98697467	33.56749008	16.97281454	22.21848993	28.97033213	35.55546181	43.55849742	23.75167195
43200	20.87349839	30.36831932	38.05418993	54.30711512	142.8322807	15.35117654	18.23053901	22.67404142	22.87214881	33.68353151	14.57922997	41.48108667	45.67800743	36.54843317	18.81207792	21.24019901	27.70328931	35.70204814	43.78959088	25.97413104
44100	19.8304441	28.15720022	36.76758871	54.68223837	168.6287488	14.8313209	17.37364128	21.47797728	21.97860529	30.77925647	13.68058648	38.89622618	46.24801923	39.44223856	20.66725922	20.24222282	26.97105989	34.5668201	43.58345334	28.33400889
45000	18.40727837	26.67533209	35.09849477	54.42394487	187.653332	14.21466351	16.84435472	20.47365608	20.93474824	27.68187945	12.88397974	35.61747241	47.08850913	41.62733269	22.71428257	19.58783998	25.5535549	34.14605632	42.97742514	30.87341494
45900	17.12716064	25.07301022	33.14415457	53.42502682	199.34408	13.8712012	16.00769116	20.00134023	19.77656685	25.65700763	12.24369791	31.64358182	46.90818127	44.02155466	24.87302378	19.1192428	24.62421269	33.49371461	42.02253253	32.89211017
46800	15.95142358	23.3252668	31.0670051	52.44281584	200.7645852	13.545622	15.39515661	19.48738897	19.39514057	24.5204045	11.57700821	26.86430938	46.24937142	45.67869004	27.10833931	18.70742639	23.49447795	33.08006709	40.65459574	34.2864151
47700	14.77318406	22.34157494	29.13500757	50.70753324	206.6417293	13.30902816	14.71603548	18.67670365	19.0335599	23.97990718	10.99601043	23.20580102	46.39961223	47.48529823	29.71989609	18.31053205	22.22101413	32.11391304	39.89423844	35.76427102
48600	14.00384218	21.19067437	27.15611457	48.70197869	195.8049633	13.01269799	13.91705354	17.73356486	18.82107472	23.20800286	10.56262312	21.13531929	46.19898818	48.73207109	32.20438961	18.01342863	21.46394318	31.78285848	39.31747415	36.37532722
49500	13.09081972	20.07915532	25.80730484	45.32422465	155.2457454	12.63113186	13.20402905	17.06676975	18.2344505	23.30478355	10.2338089	19.43137371	46.06174119	49.31609309	34.5832908	17.64275373	20.43159786	31.61045212	38.51729779	36.84305501
50400	12.77378196	19.17945314	24.90696155	40.03903407	89.53255193	12.27864141	12.62207202	16.62306943	17.80147557	23.3103142	9.969273405	17.80863303	45.3645124	48.95803767	36.08637732	17.29080503	19.39384053	31.12675267	37.68192327	36.9818255
51300	12.38492309	18.40301627	23.98234026	34.90255324	40.9434506	12.06525717	12.13936819	15.81199945	17.49864162	22.92787858	9.725207852	16.3646657	43.99175628	49.15885744	37.42541363	16.97276503	18.69192429	30.25204797	37.14795656	37.16383108
52200	11.55938895	17.83925581	22.79993723	32.16106056	22.02534312	11.85398606	11.76553491	15.15083672	17.05061618	22.25724707	9.589705145	15.34724521	42.18273335	49.39206328	38.54997514	16.60249686	18.20776395	29.70967362	36.31766069	37.1157129
53100	10.82182397	16.43755456	21.74422861	29.52127143	12.53300416	11.63448314	11.41296959	14.75642022	16.63130699	21.45449663	9.412286399	14.65208807	40.01904001	49.76210975	39.45029608	16.18614693	17.74880775	28.87737636	35.55639308	37.02433082
54000	10.4820156	15.08183521	20.69152946	27.38022261	8.408598033	11.42188005	11.05331093	14.43436303	16.32810116	20.30485503	9.314855007	13.94767696	36.58943742	49.87945547	40.56809047	15.80059467	17.53495268	27.71632724	34.29153278	36.44244153
54900	10.12000522	14.20593657	20.15956461	25.71959723	6.631653242	11.29754885	10.85740188	14.18255622	15.60745372	19.38769762	9.185355506	13.36220026	33.27402818	49.62233864	41.6329872	15.43939123	17.10167516	26.81624226	33.13742205	35.91716382
55800	9.792210608	13.4413931	19.10677032	24.2285455	5.644771803	11.16964127	10.60742251	13.8420731	14.80257062	18.24075821	9.104787659	12.8249915	29.37200064	49.05042289	42.29118432	15.11499311	16.76345224	25.68191417	31.94050083	35.41705037
56700	9.392728669	12.80948128	17.97947708	22.48004225	4.962990277	11.07308537	10.3433038	13.46705487	14.04839947	17.30215077	9.045557612	12.34725972	26.09835963	48.36139926	42.96927679	14.74520204	16.47072496	24.44994391	30.30601149	34.51954875
57600	9.080144079	12.13050384	16.97894294	20.94215661	4.426117643	11.03107126	10.09354665	13.18634637	13.72948754	16.83990754	8.972989722	11.98071506	23.70443541	47.32546809	43.37698787	14.42092675	16.23170851	22.71812162	28.29279044	33.7607436
58500	8.904929087	11.54470817	16.39008065	19.39182504	4.009189537	10.92428391	9.897899464	12.89060995	13.3836772	15.93125396	8.897666473	11.65892191	21.66943759	45.69575915	43.3628083	14.04980218	15.9261186	21.3858347	26.35381835	32.85918522
59400	8.643821511	11.01837458	15.66872839	17.93391724	3.663490852	10.8839094	9.740510605	12.67317572	12.67862754	15.27937437	8.886192206	11.46653827	20.30474319	43.12284859	42.85475546	13.67544131	15.54929159	20.13138147	24.48661489	31.90633586
60300	8.423860918	10.51905843	15.09228868	16.45345312	3.373217925	10.83057698	9.583691663	12.49978196	12.26997261	14.64995149	8.740570474	11.39874684	19.30396079	40.56919102	42.60747195	13.22534582	15.09609905	19.2801223	22.97217014	31.63373619
61200	8.207437449	10.02879757	14.47831432	15.17018059	3.136257616	10.76971761	9.504801452	12.25744915	11.75440709	14.09773596	8.707941574	11.30481144	18.18649747	37.74060092	42.17897491	12.777459	14.66908173	18.46371841	21.77199335	30.48236828
62100	7.995254318	9.574302183	13.86423537	13.82728989	2.899620807	10.72018938	9.398576318	11.98424985	11.25135435	13.62002874	8.580366668	11.22356714	17.05300498	34.40503578	42.17787634	12.34108633	14.24345341	18.10944457	20.86544854	30.04207583
63000	7.811126522	9.201236309	13.08823612	12.6030759	2.708718421	10.718688	9.358948134	11.82824855	10.94837412	13.28268998	8.555781196	11.15547461	15.75717615	30.11378311	41.94089269	11.94102559	13.90331881	17.83765145	20.1299708	29.63320627
63900	7.670111518	8.821220881	12.52105442	11.59729779	2.552373787	10.73495731	9.283313902	11.62936882	10.62359941	12.8833258	8.496267631	11.09762351	14.7016562	26.30865802	40.44289512	11.48584246	13.51898875	17.62166237	19.60130908	28.6405677
64800	7.541827275	8.503434776	11.9444016	10.81031104	2.437125513	10.65907059	9.206453786	11.44284664	10.29342963	12.63281493	8.44397682	11.11281659	13.8825959	23.97397014	39.07743112	11.07839692	13.11912578	17.42381325	19.12765252	27.9151159
65700	7.411325166	8.280701415	11.40641881	10.12846495	2.338557451	10.67190325	9.19443261	11.36183388	10.1111707	12.3020994	8.394106165	11.1692073	13.26912317	22.11769774	37.37767957	10.73866373	12.70824145	16.94605738	18.78454687	27.11915061
66600	7.295051643	8.026713754	10.89990666	9.579083789	2.278976021	10.57098606	9.137069735	11.32311243	9.934634531	12.04760062	8.348441474	11.19038858	12.76469203	20.28899144	35.16321167	10.36729177	12.3761108	16.51326896	18.38240914	26.27051499
67500	7.201459248	7.859143867	10.43297585	9.162610305	2.163654522	10.50921411	9.092537275	11.22782604	9.73087948	11.73489152	8.269178836	11.22455597	12.34300404	18.64174834	32.43433204	10.05219256	12.12225737	15.95788119	17.8803138	25.50412422
68400	7.08460119	7.610269845	9.974820115	8.788656434	2.045837606	10.38879567	9.053052228	11.07744863	9.510823383	11.29483402	8.24064602	11.29430141	12.00094794	17.16474604	29.72451478	9.787493746	11.74085304	15.44599077	17.49330907	24.53737026
69300	7.021367955	7.461228322	9.63264655	8.516984415	1.97918732	10.22899684	9.01751862	11.02230892	9.327515411	11.04503543	8.151209786	11.29533672	11.72653246	15.9016979	26.76073922	9.547346441	11.39828169	14.94301836	16.90373473	23.68834255
70200	6.965159795	7.319942355	9.260074421	8.301942445	1.979972994	9.997052656	8.966013348	10.94198997	9.142084506	10.65154161	8.11721277	11.27268524	11.45442894	14.89260422	23.58328296	9.269309482	11.12279035	14.43849629	16.3962458	22.62792914
71100	6.842819485	7.216103303	9.05471771	8.013820174	1.862201388	9.751446645	8.93403109	10.85627306	9.000673308	10.32356427	8.041381604	11.26393823	11.24830635	14.06006576	20.73472153	8.999387284	10.75369758	13.95468914	15.90556377	21.4967158
72000	6.774428125	7.12547252	8.845589729	7.727808619	1.859007454	9.553448681	8.854175876	10.74044118	8.886581811	10.09005939	7.953887632	11.18082875	11.03619591	13.39975206	18.69308908	8.717155415	10.43073935	13.5908002	15.42843529	20.0559791
72900	6.702472299	6.970119442	8.749450442	7.482346474	1.767554345	9.328893351	8.732007957	10.62021393	8.782267339	9.900058753	7.927019467	11.09276054	10.89465847	12.81607185	17.04623839	8.392413963	10.14566728	13.10677077	14.9530038	18.79713353
73800	6.61406905	6.85635933	8.517029014	7.300666401	1.754762361	9.126205639	8.603293196	10.52838254	8.670581349	9.742638439	7.808998898	10.99707595	10.75885494	12.44525478	15.66143911	8.112560968	9.887081857	12.64277634	14.53395888	18.09049743
74700	6.537586426	6.755622596	8.053204084	7.093991972	1.716902175	9.010034713	8.441811874	10.47352656	8.593624803	9.587982386	7.724225428	10.87246188	10.65964331	12.19495939	14.50644321	7.818535554	9.6955802	12.223318	14.10572026	17.43811032
75600	6.470589828	6.590701544	7.755164114	6.853046678	1.691741694	8.82344618	8.206864238	10.38312421	8.530195878	9.480950412	7.619797452	10.81601289	10.5631882	11.95907598	13.73578258	7.520864826	9.423953921	11.72601185	13.66504303	16.54213237
76500	6.421048043	6.49096176	7.505764724	6.802279234	1.650821203	8.68250517	7.959775711	10.26283387	8.481643003	9.401070386	7.508568284	10.7209659	10.48643884	11.81497313	13.06423583	7.268491012	9.204746242	11.26683704	13.26772145	16.24352849
77400	6.353273209	6.42920798	7.458840937	6.708407681	1.647115828	8.507253623	7.707735498	10.13195206	8.398302978	9.347627382	7.461350046	10.62550259	10.34863554	11.70386935	12.59945312	7.09053867	9.000480984	10.78937221	12.77621466	15.96403329
78300	6.278225667	6.327723623	7.434690294	6.675384706	1.582430061	8.361122091	7.535629232	10.07019287	8.301783668	9.296069815	7.374983116	10.5037914	10.2183386	11.7214554	12.15038165	6.912543413	8.817168347	10.32656569	12.3987221	15.71157568
79200	6.219954821	6.277615375	7.305908453	6.509746777	1.563309975	8.255653392	7.321804956	9.934252083	8.285605155	9.203645642	7.267603225	10.38760225	10.10196622	11.64137634	11.80430282	6.745035837	8.630570662	9.881055915	11.99115099	15.46773658
80100	6.165879488	6.18476885	7.188870169	6.393607814	1.551769689	8.104894553	7.171023659	9.75837682	8.288865438	9.161263878	7.233975112	10.34458538	10.00084954	11.59836076	11.39179945	6.58942999	8.465833826	9.438117758	11.59204126	15.20876124
81000	6.185492338	6.142058363	7.046286379	6.218049552	1.496753736	8.004349762	7.064218875	9.6214546	8.243738983	9.103634173	7.178097694	10.24031641	9.87007787	11.56641501	11.18355746	6.471687888	8.305008563	9.04707274	11.10078611	14.89884121
