Time	B2	B3	B4	B5	B6	C2	C3	C4	C5	C6	D2	D3	D4	D5	D6	E2	E3	E4	E5	E6
2700	0.503167901	1.927005744	2.251169274	3.380227654	-0.298429779	1.747176097	2.235299461	3.261570635	3.952572306	-3.813870467	-2.150321016	-0.016474947	2.071523738	1.509798433	-2.230641489	-1.871882344	-2.487901749	0.716683705	0.049653925	-2.356352255
3600	-1.565391595	-0.35298161	-0.065777848	0.563604584	-2.25220151	0.8031179	-0.3331041	0.882687511	0.602137038	-5.502874082	-3.087315245	-1.900549843	-0.969064377	-1.955603683	-3.455838915	-2.118151002	-2.809772099	-1.466834643	-1.866992703	-2.644657953
4500	-1.090043306	-0.183909965	0.025570404	0.496791445	-1.708138763	2.188283685	-0.157829718	0.793039067	0.628311386	-4.75237927	-2.12769248	-1.519054631	-1.024950884	-1.706675134	-2.645241728	-1.065707475	-2.044382155	-1.208343205	-1.496691612	-1.680743382
5400	-0.519793178	-0.136035991	0.059758604	0.425418904	-1.270718728	3.829086064	0.168499381	0.718287407	0.566226115	-4.341485453	-1.287920576	-1.22433815	-0.989712522	-1.412367839	-2.322750499	-0.264726258	-1.637029886	-1.069612968	-1.253493221	-1.26881164
6300	0.066599976	0.011357423	0.033419455	0.365213487	-1.103634921	6.037307723	0.586764844	0.576683719	0.528719304	-4.072304893	-0.49022196	-1.072212608	-0.964710761	-1.22550188	-2.097805509	0.624525187	-1.380437472	-0.936190701	-1.064646632	-1.143100157
7200	0.752664775	0.073663652	-0.015742807	0.227070566	-1.010445469	8.354684455	1.228666711	0.519303721	0.440541949	-3.965608387	0.48072276	-0.905608504	-0.996809133	-1.110348952	-1.946536369	1.670995058	-1.151623169	-0.866479697	-0.913964898	-1.064883325
8100	1.675319121	0.214843208	-0.079029419	0.187468232	-0.917774415	9.907521355	2.102628587	0.483190436	0.341480993	-3.775368313	1.50134801	-0.700019877	-0.882336657	-1.062732553	-1.878018712	2.827961639	-0.947346755	-0.81399634	-0.849881283	-1.034664203
9000	2.785932598	0.365619913	-0.094418656	0.062142901	-0.899541317	11.85302949	3.161204484	0.579435274	0.276136918	-3.671770979	2.907069169	-0.472960901	-0.894688512	-0.985856017	-1.783423589	4.08223464	-0.654010815	-0.804367177	-0.798115909	-1.032200911
9900	3.849404614	0.617858407	-0.100059247	0.018500012	-0.859640491	15.26617274	4.221482816	0.754293571	0.258360682	-3.626814789	4.395855328	-0.236943044	-0.814323662	-0.907636048	-1.691808971	5.302734406	-0.233778312	-0.757392402	-0.755044218	-0.9786023
10800	5.161703191	0.875964332	-0.101474705	-0.062810221	-0.833511756	19.60596522	5.340680021	1.07279386	0.267027319	-3.552276693	5.155189102	0.047776044	-0.784201578	-0.828768643	-1.607780056	6.486845307	0.284448301	-0.695553363	-0.702486235	-0.953288999
11700	6.428477448	1.183339152	-0.066984537	-0.03330856	-0.826964703	25.25243378	6.663865803	1.583720386	0.293508841	-3.476273889	6.054387795	0.385181631	-0.695974152	-0.812106849	-1.53960009	7.684551817	0.947370687	-0.663778282	-0.653613069	-0.892986603
12600	7.777177806	1.685436348	0.000747327	-0.015931579	-0.797380285	32.2013778	8.841710556	2.423581879	0.388172953	-3.404663783	7.238698062	0.852640917	-0.599946241	-0.705499508	-1.470002419	9.113887745	1.866617271	-0.563224905	-0.608868214	-0.845111172
13500	9.253168826	2.320463342	0.094441045	-0.056280798	-0.746087571	39.88853509	11.25243224	3.55048694	0.503818005	-3.33076037	8.590817073	1.368999844	-0.476950697	-0.626878531	-1.386844117	10.77057306	3.091556036	-0.451418097	-0.529285762	-0.855722738
14400	10.64877427	3.176974995	0.291888246	0.007415708	-0.70697934	46.87375017	14.38331559	5.068621376	0.726109204	-3.193819705	10.06241205	2.08603067	-0.282361389	-0.527801889	-1.3235242	12.78476359	4.369759475	-0.289139479	-0.475164122	-0.785295264
15300	11.99885546	4.27539493	0.497448076	0.073786949	-0.65767992	53.47676449	18.58310465	7.027878513	1.045589406	-3.108203025	11.83994023	2.932026808	-0.120831047	-0.472161198	-1.221270775	15.00244662	5.673366525	-0.100516901	-0.366128948	-0.720049353
16200	13.55001219	5.560434432	0.841355747	0.125824682	-0.570497686	56.41783942	23.72939891	9.173657167	1.564008765	-2.982181299	13.98117073	4.104096549	0.161879387	-0.360625293	-1.166361354	17.62319045	6.636121075	0.144673469	-0.295960404	-0.638310865
17100	15.09680712	7.119902438	1.149439935	0.272040119	-0.499141522	57.68569136	30.28846995	11.05599855	2.280504899	-2.767111165	16.41005007	5.45167658	0.407572689	-0.236159056	-1.047481786	20.45557122	7.740858048	0.42071119	-0.184657122	-0.646569852
18000	16.74820686	8.546678284	1.617658521	0.409032058	-0.408653885	56.14941409	37.05431578	13.48314867	3.410616878	-2.547678153	19.49538263	6.946529794	0.667768117	-0.057439863	-0.966028249	23.72708789	9.058187604	0.840505137	-0.095940219	-0.529859608
18900	18.68500918	9.714374298	2.227007496	0.599778666	-0.361363307	53.84200048	44.38229937	17.34152125	4.986281325	-2.266758815	22.80990077	8.131937454	1.059760446	0.132141589	-0.879932521	27.12281089	10.66000929	1.308597694	0.050630273	-0.490072471
19800	20.99074287	11.20400372	3.062259075	0.813136752	-0.257904077	51.57067417	51.85317622	23.01147578	7.086386935	-1.855256506	25.96965891	9.195571374	1.47461951	0.354938883	-0.802699503	30.00627384	12.66938073	2.012625593	0.162591596	-0.437587581
20700	23.76126904	12.7308701	4.152415534	1.132359168	-0.091496966	50.07725249	56.79855543	30.80321229	9.688060798	-1.23650585	30.13391571	10.3135427	2.049780996	0.612396951	-0.654346322	32.84557543	15.14173148	2.904434121	0.43625088	-0.422445732
21600	26.23558159	14.11288337	5.428123952	1.376353156	-0.05848319	48.28456916	59.74532593	37.1405958	11.34941889	-0.54284851	34.12276162	11.49619069	2.54345943	0.811229495	-0.594164369	34.93437996	18.12836654	3.915210222	0.685487741	-0.350986534
22500	29.13613583	15.74146637	7.044131776	1.749433927	0.075600645	46.06352402	61.29778076	44.6771936	13.739841	0.345357924	37.9970954	12.74508253	3.073055486	1.063402596	-0.478061005	36.53483634	21.50984644	4.928054503	1.043835253	-0.301431734
23400	31.95264395	17.74141217	8.899094141	2.284136069	0.183959614	43.84485176	59.97935136	51.45235202	17.21689968	1.369647488	41.15083525	14.12791805	3.631853101	1.373387545	-0.310637837	37.82537394	25.02504037	6.113316795	1.526538892	-0.231023804
24300	34.61294949	20.1444718	10.57271599	2.845384572	0.431371098	41.95449947	54.9359673	56.90161227	21.61354681	2.48919141	42.62316816	15.5447978	4.134363649	1.708594404	-0.209760407	38.38308369	27.99101983	7.32541642	2.244593721	-0.172682915
25200	37.30905599	22.90732115	11.91384304	3.653317636	0.564569857	39.93665489	51.8826187	60.14299482	26.94897289	3.78421566	43.61247972	17.15142744	4.747698834	2.126122602	-0.025294688	38.47218661	31.04748256	8.727751251	3.177154696	-0.049996742
26100	39.15020669	25.66028696	13.1619929	4.573484836	0.809492419	38.01645939	49.19192267	61.7119409	32.86428133	5.257873857	44.2001075	18.89412331	5.300207432	2.522571888	0.177606441	38.22379017	33.4140793	10.05510724	4.295013041	0.025543648
27000	40.49236704	28.65467129	14.73583506	5.667513868	1.078204752	36.29226165	48.29094443	60.98259614	39.20362371	7.242678772	44.58295321	20.60610459	5.943136983	2.923957262	0.362793795	37.59763632	35.62589406	11.7469008	5.361702209	0.136127376
27900	41.39959888	32.32337612	16.48747367	6.90771713	1.46205449	33.79438335	46.45709301	58.58769328	45.1540727	9.701340013	45.00677888	22.29213718	6.681655068	3.399848062	0.556927372	37.02416017	37.67442054	13.68992137	6.519298967	0.262520363
28800	41.57283676	36.32167015	18.50756861	8.273906742	1.83004895	31.59061447	45.37484655	55.84890298	50.72779562	12.77875204	44.98220727	24.33847399	7.587796206	3.799162532	0.825135299	36.2242173	38.72125296	15.98343823	7.574348467	0.439255217
29700	41.16020289	39.97310913	20.92849584	9.582232343	2.306955371	29.90180313	42.97772384	52.7074051	54.21776298	16.21860244	45.2226352	26.42024839	8.452551258	4.193666001	1.080173936	35.31947925	39.73093003	18.25504743	8.856088913	0.612277011
30600	40.91509714	43.32296816	23.33385169	10.84316725	2.889116377	27.7896257	41.32415064	50.3860598	55.74274838	20.3692016	45.05462367	28.82411303	9.172032783	4.566988806	1.386763237	34.47971918	40.34493893	20.62607461	10.3473649	0.829967968
31500	40.30825102	46.70291659	26.1296975	12.16919355	3.503158742	26.47665643	38.9455927	48.70237561	55.17177422	25.32532126	44.97015339	31.56453105	10.01097709	4.694560693	1.649800857	33.83195645	39.7615285	23.04208728	12.09068622	1.055769237
32400	39.84564487	48.08063708	29.33895283	13.71236998	4.326022966	25.1892613	37.71436588	46.56938058	53.39136701	30.98294461	44.64749379	34.05164479	10.89972616	4.960000342	2.020170741	33.23322524	39.16478047	25.67868393	14.19063997	1.406193571
33300	39.57756117	49.44166498	33.13095064	15.86296965	5.281843291	24.2065833	33.15010478	44.88122154	50.65807708	37.71780414	44.39843263	37.03612746	11.92669598	5.169851237	2.458783648	32.80186947	39.56909727	28.27109229	16.53541743	1.820642889
34200	39.21874647	49.72691448	36.67232233	17.63225584	6.319187034	23.5784758	29.94616448	42.59347944	48.39381701	43.7465875	43.84187343	37.90398703	13.02019755	5.493680779	2.913771163	32.0046791	39.08504615	30.69400431	19.15925057	2.345058252
35100	38.58549702	48.9472699	40.39923498	20.2272251	7.445166102	23.17862663	27.48936811	40.56432683	46.16744577	49.15785412	43.40195998	39.58384035	14.13790015	5.982011909	3.403156702	31.29770337	39.41930817	32.7659498	21.79224804	2.907044819
36000	37.67404914	47.52676775	43.4630678	23.30520395	8.578847679	22.73474198	24.96888512	37.67743245	44.39398586	50.80864734	42.16315198	40.76505195	15.33547077	6.591775558	3.779406374	30.03671848	38.56706162	34.39781375	24.64594181	3.487344577
36900	36.97912951	46.8690372	46.19595765	26.35444184	9.800280656	22.13192536	23.4563468	34.56565345	42.57796152	53.08582683	40.40243897	40.91524824	16.57909083	7.455286986	4.294550142	28.50975333	37.7248481	35.66435027	27.22671169	4.102994515
37800	36.11284243	45.78436371	47.36275274	29.58587056	11.183195	21.27064006	22.83349063	31.22810438	40.41428726	54.26677627	37.90792601	41.10358195	17.88444848	8.028547468	4.803744281	26.7957704	36.62869884	36.35140548	30.24055511	4.896673239
38700	35.2035759	44.74165333	48.4009745	32.77981781	12.69640488	19.80037749	21.23561856	28.39569008	38.68751917	53.55610783	34.61385887	40.80014427	19.24491142	8.421528651	5.320940374	25.30392313	35.5579511	36.78664274	32.51454028	5.734816329
39600	33.70379471	43.8133361	47.62302461	36.34397526	14.25875778	18.45292363	19.75595384	26.56458434	36.69456404	51.38798097	31.30202468	40.37119578	20.73149498	8.904845048	5.589798802	23.57171617	34.48146311	36.52512628	35.0645203	6.679921626
40500	32.02568302	42.53400819	47.04081711	39.62515755	16.10414005	17.65287162	19.52281727	25.26004687	34.29814181	48.39052029	27.15918082	40.07229151	22.45966078	9.626465497	5.887488928	22.47598524	33.77064956	36.19437903	36.54275684	7.665270048
41400	30.37483245	41.16961571	46.55377402	42.40389528	18.30516733	16.06248895	18.77739427	24.94856478	32.61675118	46.11355169	23.05519421	39.97369091	24.21818542	10.51521215	6.317628734	24.57530997	33.32905225	36.04760037	37.70598669	8.695246313
42300	28.61378901	39.71233109	45.71037661	44.82980912	20.71535466	15.15099986	17.90076823	24.32905369	30.61545425	43.85885582	20.17617991	39.96457627	26.09020983	11.60875425	6.871714365	29.99145975	33.12424597	35.43069121	37.90877833	9.907757459
43200	26.96662066	38.62326553	44.27308614	46.53727269	23.64247814	14.53172226	17.19054034	23.767619	28.7291384	41.43672761	18.18469607	40.3594378	27.98517072	12.78944673	7.556175365	38.57437527	33.18238646	34.91222066	37.50981888	11.08057847
44100	25.4369526	36.84894235	43.63683886	47.83109899	26.75176199	14.11093982	16.54284659	23.56356245	26.42828983	39.79785433	16.53611753	40.10979386	29.95608014	13.88736758	8.313881258	46.30380491	32.92936158	34.39451163	37.49324474	12.4087458
45000	24.28432541	34.91561158	43.23055415	48.85411384	29.88256312	13.7513451	16.19283646	23.54044119	24.71764209	37.73604239	15.36431812	39.99636288	32.01244623	15.3095424	9.198556437	45.91005349	32.29248388	34.39189926	37.16947678	13.87869628
45900	23.45401525	32.58050672	42.1079218	49.45286581	33.11789982	13.28621464	15.78705339	22.94294069	23.26147963	35.62206035	14.39461263	39.88821361	33.73341694	17.28321806	10.24779367	42.19514274	31.41780282	33.62690307	35.50171311	15.37098239
46800	22.64357826	31.33663827	41.05181222	49.6597486	36.4355641	12.94167379	16.38946136	21.70114651	21.92757846	33.5541136	13.57834549	39.30764683	35.13710889	19.1472966	11.48233302	39.83644797	30.36593545	33.01114792	34.88202582	17.03695891
47700	21.11268123	28.88470745	40.09985572	48.68459342	38.87544228	12.67043765	16.23926611	20.59705516	21.42754185	31.21533313	13.01128449	38.88744162	36.02920634	21.44518089	12.83733922	39.1017862	29.08818152	32.68642942	34.14291759	18.71949116
48600	19.59707805	27.56579928	39.42928925	47.85778479	41.06408622	12.40963655	15.50558968	19.58821741	21.37097237	29.0139784	12.54048136	37.98214688	36.6999927	23.79045018	14.56402075	39.55685591	28.10208207	32.1350845	33.43182908	20.52686773
49500	19.65631561	26.53071108	37.95361018	46.45768004	42.95249302	12.17034226	15.02857768	18.62390329	20.47633149	26.57589228	12.18290334	36.7391564	37.21117139	25.97682295	16.45580943	41.11501656	26.99114835	31.56225301	32.83906797	22.29616859
50400	18.42014138	24.97399078	36.56186024	45.50280692	44.71483465	11.94183723	14.77738356	17.85066989	20.08365242	24.36873267	11.81193742	35.48510822	37.79154466	28.59097379	18.76757631	43.58242571	25.78724933	31.02781554	32.20104205	24.04594851
51300	17.07727014	23.49720311	35.09798583	44.06900221	46.32443575	11.75101273	14.34426326	17.15853414	19.89136325	22.61368142	11.48726201	33.40786539	38.01106283	31.16736473	21.53141366	46.8306881	24.81675216	30.64604318	31.66226542	25.70841266
52200	16.22383699	22.47454448	33.57811079	42.273843	47.19358559	11.50772574	13.60586421	16.56199008	20.0430758	21.34022799	11.18112423	31.5208076	38.32472465	34.3545823	24.49792712	50.79011285	23.92653652	29.68850787	31.26462959	27.30653373
53100	15.38780165	21.82856	32.09674219	40.53716225	47.45197048	11.29888216	13.22792987	16.11386225	19.52016415	20.36094052	10.91748449	29.73918897	38.45017418	35.85366095	27.94493729	55.15840509	23.07851343	29.57911812	30.5507952	28.93831898
54000	14.54770692	21.2976329	30.11691566	38.06173636	47.0346993	11.14364081	12.88666258	15.58774326	18.83125119	19.48383174	10.64166478	28.13094708	38.21537975	37.72037518	31.17742028	62.40758643	22.59271163	29.05722885	29.89734684	30.38509104
54900	13.4357922	20.20241065	28.49868022	35.94831838	46.08219066	11.00164494	12.58369377	14.9493199	18.44038363	18.61248921	10.36298971	26.34259913	38.16763556	39.3495993	34.54062822	71.81945537	22.48891191	28.68801659	29.6489969	31.34115269
55800	13.08891331	19.66714361	27.14447023	33.69011111	45.45145807	10.87977356	12.25889795	14.5414698	18.13464171	17.55549381	10.18194643	24.98992785	38.34493291	41.11971551	36.2447152	78.46292705	22.36360169	28.25228071	29.36471986	32.10904558
56700	12.72774062	18.92000293	25.64108749	31.25324729	44.54342813	10.77265181	11.79833232	14.18315161	17.40994523	16.50655641	10.02938095	23.10462187	38.98523912	42.65125879	38.4587872	83.89230914	22.27276986	27.70662814	28.96746007	32.58183472
57600	12.16183818	18.26901452	24.35332454	28.9413502	43.12097351	10.76225494	11.4598213	13.82952032	16.31316906	15.75641801	9.926126392	21.48740082	38.8299442	43.56149311	40.66365864	91.7057376	22.37490786	26.80343265	28.34340717	33.07521783
58500	11.07833174	17.09577144	23.08340015	27.22513821	41.94758818	10.69049128	11.1823495	13.34520272	15.80471314	15.12119037	9.741929701	19.84307552	38.66182888	44.50624256	42.21916053	97.58993584	22.28320884	26.07616512	27.88791961	33.70901097
59400	10.52914404	15.92445316	21.86920284	25.66121479	40.79688324	10.63698202	10.87755158	12.85794514	15.32815217	14.49348838	9.700064209	18.63931329	37.82192593	44.27374476	43.51547913	100.1866704	22.10439115	24.86834478	26.91868824	34.29233024
60300	10.10061588	14.8710084	20.62894742	24.18357996	39.5742964	10.56597481	10.72201442	12.58316339	14.80716627	14.23811419	9.635288437	17.78983854	37.28865448	44.23466147	44.29141416	99.94989242	21.92580582	24.37513372	26.11473255	34.06592011
61200	9.686008539	14.06227359	19.47989783	22.80195795	37.90531773	10.50824067	10.52887023	12.34481813	14.41286648	13.80237931	9.662003892	17.13542102	36.77500311	43.9319075	45.42218861	97.21295171	21.53164741	23.83089488	25.3322139	34.60118333
62100	9.425928188	13.47235343	18.32804601	22.03265627	36.60106543	10.44490948	10.35538402	12.0234006	13.93439214	13.4891903	9.644216439	16.54667698	35.80750154	43.87783021	45.72213503	93.43317373	21.0730698	22.68982615	24.61363219	34.63500994
63000	9.266052095	12.92090973	17.44202051	21.07414449	35.02433408	10.32860379	10.19924118	11.7284906	13.5856911	12.86947268	9.649726832	16.0839944	34.77083622	43.91938508	45.34737791	87.90377182	20.47540099	21.57726018	23.74743933	34.55379755
63900	8.792965304	12.25423468	16.35955954	20.34668227	33.302658	10.25339201	9.963201594	11.41169683	13.32979828	12.14924168	9.66203798	15.59870765	33.43914061	43.43903606	44.47468715	79.25908284	19.62203934	20.63504613	22.84918429	33.99610878
64800	8.241044222	11.76512375	15.34433623	19.31806809	31.5238433	10.11081625	9.819729722	11.23343036	12.94455781	11.64657917	9.661542983	15.19232306	32.2004608	43.04840784	44.76403368	66.16223295	18.53571173	19.77959417	22.12021534	33.51456763
65700	8.100053583	11.15503313	14.31987393	18.2202541	29.91134729	9.88360055	9.550964143	11.11902002	12.7006166	11.31535203	9.673913796	14.7001888	30.77703271	42.54927652	44.30511974	47.91800602	17.22347716	18.98520466	21.32665279	33.08976151
66600	8.029788475	10.68204898	13.43241933	17.61348001	28.68460861	9.633080055	9.372586445	10.90409647	12.42376273	11.05135491	9.711202887	14.16584385	29.0034123	41.76275542	43.54275129	29.32256785	15.83306437	18.37370721	20.75549245	32.34214731
67500	7.545364537	10.08394739	12.68391141	16.99107257	27.18066172	9.446800822	9.143773817	10.66166477	12.23230457	10.76516692	9.666863087	13.65990694	27.48828496	40.89761796	43.12352531	16.20830352	14.58661381	17.95340087	20.26711095	31.30349771
68400	7.289151547	9.741715703	12.16784207	15.51004427	26.11041197	9.225782019	9.047123354	10.49260138	12.03917816	10.55985529	9.506437549	13.18144769	25.81646495	40.19186983	42.48009997	9.733743037	13.79314144	17.65856688	20.04794855	30.99555372
69300	7.004909102	9.170144921	11.57892343	14.4949612	24.46366456	9.08092275	8.896764058	10.2563678	11.85444402	10.32642658	9.419043043	12.6106057	23.8553479	39.15266221	41.02469888	6.943818077	13.15388746	17.19662815	19.96845343	30.21689279
70200	6.793833036	8.928606929	11.08509154	13.82670143	23.13045179	8.884273145	8.767230903	10.00861377	11.61607813	10.05925454	9.319004189	12.05749634	21.87970677	37.49177322	39.19219409	5.592259835	12.5567541	16.85961656	19.68093745	29.66647318
71100	6.747627143	8.705847177	10.57139251	13.19736269	21.80441185	8.727146927	8.630738315	9.806037182	11.37779066	9.762160251	9.21466549	11.54111188	19.77965731	35.54041925	37.33505704	4.829690807	12.02989897	16.47333827	19.5293351	29.0352134
72000	6.676795881	8.395652161	10.12117574	12.62373762	20.60107262	8.572489728	8.528532465	9.603418534	11.13841967	9.480744438	9.024650832	10.99423474	18.16390801	33.43303919	35.19764995	4.289913609	11.55940196	16.17077974	19.299775	28.5218739
72900	6.641836976	8.107734584	9.642545741	11.91872715	19.28869832	8.470307378	8.452456615	9.397722231	10.84816619	9.247202559	8.915346273	10.53561283	16.63651011	30.58902835	32.74396284	3.946378482	11.07976411	15.66150755	18.97050347	27.93068541
73800	6.518831171	7.815238389	9.19031458	11.14115647	18.32292257	8.409239324	8.362498609	9.304026151	10.57761583	8.989202318	8.83404042	10.17156472	15.44564752	28.47996578	29.82306787	3.613916564	10.6793466	15.15004812	18.58860642	27.4206859
74700	6.399400308	7.619419262	8.826177951	10.62327104	17.95878049	8.281614704	8.30686374	9.194316401	10.31274698	8.634751654	8.727222404	9.846141255	14.67142056	26.09573614	26.71852314	3.353762895	10.34396785	14.79834208	18.14951105	26.8633817
75600	6.298669582	7.554243538	8.572531952	10.26197737	17.36521204	8.226868559	8.175940277	9.082283484	10.06150915	8.381972267	8.657404148	9.484687589	14.07333092	23.47756564	23.40633134	3.150109702	9.996466861	14.39652369	17.64562965	26.39759232
76500	6.191370806	7.460821608	8.265614429	9.812154556	16.11347395	8.101014485	8.093075806	9.013403551	9.899012926	8.141726871	8.581685861	9.205719496	13.62837417	21.73815537	20.38724512	2.978983308	9.729865741	14.1382789	17.06019414	25.73907587
77400	6.114348545	7.200044844	7.950797861	9.437116267	15.04980651	8.010758626	8.042997042	8.907466763	9.739487722	7.907689905	8.496818448	8.960282158	13.09581723	20.05468393	17.79003456	2.843820418	9.45995107	13.64238423	16.5899665	25.35720093
78300	6.036707313	7.082229467	7.699761447	9.080047996	14.35438119	7.888373577	7.989233063	8.827293031	9.655972887	7.810658664	8.423190316	8.753326378	12.6319571	18.57213467	15.86191249	2.707448776	9.173292508	13.12095235	16.20171601	24.52764072
79200	5.982391561	6.941484146	7.47504848	8.777283059	13.36166318	7.812669121	7.930196023	8.761698294	9.483885595	7.689862558	8.3069695	8.522921184	12.1811347	17.35514252	14.49628219	2.650538452	8.964509484	12.58097186	15.58492428	23.98400733
80100	5.931272664	6.797245336	7.235411261	8.408834547	12.38846923	7.697165381	7.831648936	8.652225629	9.378340389	7.559040092	8.278471607	8.297835987	11.70852723	16.30254124	13.58333515	2.501914805	8.665593739	12.09724144	15.20675417	23.10010317
81000	5.895661125	6.711428216	6.994531956	8.217813681	11.67134778	7.627286758	7.727248354	8.573700829	9.218423409	7.508552769	8.154066126	8.161472863	11.32469874	15.53392873	13.00339926	2.473872544	8.437800311	11.67988046	14.86904859	22.36550127
81900	5.839992901	6.578325734	6.849291342	7.927233452	10.74604709	7.539998119	7.593387164	8.49593809	9.236203913	7.458542187	8.096511058	7.92806923	10.95760746	14.82238263	12.55315937	2.341767385	8.216251386	11.27683766	14.4109269	21.56563962
82800	5.760350181	6.458195333	6.743243419	7.716255275	9.812700174	7.453444372	7.421183518	8.401975994	9.082929834	7.367901109	8.042806326	7.822321758	10.66480132	14.16818529	12.19069555	2.275609104	8.021417293	10.89155418	13.89429919	20.41448739
83700	5.681732541	6.395759501	6.74272868	7.405379616	9.328459487	7.389043764	7.222625591	8.33450632	9.016420232	7.224753321	7.998760444	7.578562087	10.4125539	13.59754007	11.87433704	2.194255179	7.764797122	10.49823505	13.45753188	19.80701536
84600	5.663639441	6.320283802	6.667414795	7.301029384	8.851111503	7.378781424	7.037875011	8.230597514	8.895253925	7.081424969	8.028587979	7.436817413	10.13143097	12.91149923	11.60630391	2.150254435	7.566803655	10.21915391	13.03324049	19.33164299
85500	5.585722253	6.204965062	6.525530665	7.147020838	8.481828652	7.291222994	6.85450985	8.027484942	8.839487689	6.801887056	7.958107929	7.259909665	9.866116825	12.27430258	11.41351629	2.136870709	7.391204192	9.930813314	12.68980958	19.10574947
86400	5.550017878	6.125439134	6.316803607	6.98458464	8.093816959	7.230542263	6.696948281	7.846288571	8.794561003	6.588043853	7.953583916	7.142504001	9.656049544	11.71764124	11.26725953	2.048444033	7.160703511	9.70843483	12.21714729	18.6864441
87300	5.487543573	6.070885693	6.190733776	6.879714665	7.846948439	7.160957412	6.554339167	7.603871854	8.689782841	6.443163723	7.942656388	7.043484465	9.398949664	11.26611498	11.21257836	2.020071622	6.972376658	9.471478281	11.74859787	18.33755257
88200	5.468697205	5.98269644	6.14680864	6.763504448	7.603879193	7.116581211	6.430073425	7.407838806	8.634400124	6.217025849	7.865879408	6.897323315	9.217991056	10.85269856	11.14765972	1.978433473	6.797405171	9.257838516	11.3698404	17.77609576
89100	5.410954903	5.956421665	6.025837142	6.624228006	7.319419508	7.084935443	6.358773361	7.181364328	8.528261731	6.043560888	7.802344246	6.78388103	9.06051894	10.44306146	11.13944168	1.94571784	6.645642347	9.004256797	11.0295211	17.19460757
90000	5.399971269	5.881281149	5.954534522	6.494268852	7.080041173	7.055140869	6.233547894	6.993910154	8.401074694	5.85656658	7.815907402	6.673296833	8.874741695	10.11108647	11.15408784	1.887787604	6.429031591	8.712545306	10.65287967	16.64156536
