Time	B2	B3	B4	B5	B6	C2	C3	C4	C5	C6	D2	D3	D4	D5	D6	E2	E3	E4	E5	E6
2700	0.64654876	5.851944743	4.602364537	3.913498835	5.813183268	4.793743431	6.497119892	4.251912583	4.247603933	5.27580518	4.608478436	2.0259464	2.300890229	-0.193722374	2.544842815	1.960541454	0.48860138	-1.485349476	-0.358599456	1.270647895
3600	0.179764344	2.452101937	1.389159709	2.116309887	2.8633482	2.908594878	2.78858678	0.752248314	2.185118749	1.646531072	3.013553862	0.22809981	-1.067794652	-3.061908683	-1.490033595	1.600293928	-0.638564916	-4.022597458	-2.505017479	-0.486042952
4500	1.311141541	1.943786313	0.937550202	2.220527818	2.306710027	3.436763338	2.435332128	0.552024601	2.109506535	1.159090952	4.295653608	0.697459477	-0.78434732	-2.571619838	-1.555504002	3.387410034	-0.054691224	-3.663610632	-2.093202675	-0.251408569
5400	2.891000469	1.75184506	0.663951284	2.219834136	1.924991872	3.811939016	2.239099005	0.320112458	1.887656049	0.744846445	5.470617074	1.32528447	-0.561159798	-2.30387549	-1.548750113	5.291736099	0.660748652	-3.33484336	-1.843538768	-0.152727934
6300	4.284858496	1.726373848	0.460000039	2.161899672	1.562344409	4.51172852	2.241283244	0.254985921	1.65710045	0.499676944	7.470960065	2.316175197	-0.339337242	-2.166122184	-1.54269149	6.499594105	1.762600292	-3.012794029	-1.653008856	-0.108306137
7200	4.426784933	1.979069153	0.319077118	1.983479961	1.343257188	5.531421396	2.471194345	0.133462521	1.470134948	0.261228045	8.185056235	3.776158685	-0.089816673	-2.084499181	-1.558423295	7.607463498	3.438809719	-2.710455544	-1.607228107	-0.074279746
8100	5.138289091	2.537657039	0.283309958	1.873395386	1.151476373	6.974819253	2.982516408	0.073326128	1.300902734	0.132940634	9.333287427	5.153836641	0.247125248	-1.983317186	-1.572152353	9.107809413	5.344950784	-2.291986158	-1.548211211	-0.02463525
9000	6.513042135	3.594290634	0.316121832	1.823881636	0.998845954	9.051988931	3.837734916	0.117241736	1.22063526	0.03899326	11.4158982	6.766829302	0.851296734	-1.920950625	-1.531290548	11.06500486	6.830907718	-1.762441145	-1.497957774	-7.06E-05
9900	8.151016375	5.212730363	0.467240092	1.697253568	0.878762194	10.33003361	4.791845429	0.147588964	1.137807475	-0.0185286	13.99238533	8.925941079	1.659854556	-1.759957945	-1.526407503	13.57977519	8.474261488	-1.005475698	-1.380994389	0.031895007
10800	10.16080988	6.303858732	0.743474716	1.68451643	0.823457945	11.12596784	6.006060908	0.271317324	1.117465668	-0.10562762	16.98721347	11.49088583	2.632058929	-1.556748332	-1.431939389	16.84201575	10.38248124	0.165077972	-1.230685477	0.054564011
11700	12.61769559	7.146500374	1.159408488	1.681585463	0.761045327	12.92849586	7.562833208	0.448222482	1.070624376	-0.08016773	20.52526184	13.79279744	3.901371761	-1.296502571	-1.342458213	20.94034762	12.59953188	1.837035467	-1.027125264	0.148164728
12600	15.73908331	8.174432523	1.812627706	1.714177726	0.686579322	15.31028367	9.563643816	0.77116592	1.051736328	-0.14222219	24.65020997	16.16089824	5.459466763	-0.818730708	-1.294137715	26.4814687	15.49542513	3.920555118	-0.73455823	0.174612858
13500	19.76920954	9.67804422	2.677620434	1.835553976	0.689389983	18.28346604	11.48308519	1.17103888	1.082719779	-0.131867228	29.62590938	18.95870578	6.816164193	-0.192886275	-1.130391127	31.60708587	19.31638594	5.596667461	-0.230004933	0.290286536
14400	24.61844051	11.83357036	3.87703413	2.012220287	0.697554969	21.98488974	13.53358013	1.709797369	1.107660381	-0.112812663	34.19028682	22.27846505	8.157686107	0.653177349	-0.96863959	37.30871887	24.12040114	7.024805663	0.246505992	0.41440302
15300	28.58490747	14.6038261	4.794878258	2.286979117	0.733295097	26.07702891	15.27901	2.379772366	1.248352058	-0.074433433	38.51485063	25.70770006	9.699557108	1.61578831	-0.695990773	42.6036516	30.31658823	8.812836985	0.841574446	0.607947931
16200	32.46628139	17.86794506	5.944928886	2.714635481	0.780139131	30.65120135	17.42995365	2.958520196	1.390863373	-0.068563568	42.71653857	29.1709183	11.62194679	2.861199683	-0.316233173	45.92868073	35.77788601	11.33104246	1.66500024	0.996467096
17100	35.48901059	21.82122037	7.315575073	3.32368164	0.891967653	35.19675621	20.27443921	3.655848989	1.667145451	-0.006863681	46.74146558	33.19704347	14.31294588	4.362030382	0.244611055	48.3581793	40.93328915	14.53528211	2.878602829	1.454150975
18000	37.97925244	26.81182089	8.929243723	4.0984445	1.055205984	38.85288621	23.43548952	4.650415259	1.999951512	0.10125474	49.13093838	36.71930493	17.97028364	5.956704718	1.017588395	50.85451655	44.95460851	18.19282031	4.278772322	2.00985596
18900	39.80960282	30.40462418	10.77087321	4.952207886	1.257946576	42.52091406	26.99171825	6.049898747	2.429830862	0.235906135	49.55692924	39.99771614	22.34671306	7.456095916	1.869331713	51.64072307	47.83980365	22.00539667	5.950456781	2.756193211
19800	41.29738807	34.96629805	13.1328338	5.888182399	1.624736503	45.52510965	30.47987737	7.827905733	2.964520943	0.344872828	50.16540825	42.73749534	26.85461957	9.206639289	2.590256678	51.59039798	50.75804781	26.24049307	7.216946398	3.687096906
20700	42.39075777	38.72963525	15.87951817	7.015140936	2.127319775	47.87901081	34.15548345	9.743797924	3.592417989	0.491550532	49.90626705	44.48779259	31.14866381	11.69861187	3.417753365	51.76538073	52.08832711	30.68757242	8.719866275	4.839670043
21600	42.92657521	43.26354072	18.83225192	8.483742231	2.889252195	49.29601111	37.50962805	11.20603647	4.291610714	0.670942158	49.860002	46.27577073	35.77958583	14.5582753	4.363927627	51.29755447	52.8344111	34.99461157	10.68981096	6.018198073
22500	43.61741412	45.57538857	22.05269594	10.16023304	3.903903321	49.66146226	40.59194666	12.88960545	5.120348985	0.925635105	49.01322507	47.67967268	39.58440021	17.76992897	5.457272044	51.35369682	53.31898733	39.28522316	13.10537899	7.20241888
23400	43.48180046	46.32386119	25.40513154	11.99902661	4.843334647	48.89871726	43.0540694	14.69479609	6.038183741	1.181999314	47.46863387	48.716403	42.57034898	21.35761197	6.753712821	49.73648539	53.81561891	43.09606313	16.16430265	8.727907891
24300	42.29999851	46.47862874	28.84375405	14.23289962	5.659412776	48.0390028	44.90816543	16.96247564	7.099406732	1.567185146	46.2271161	49.13609393	45.74739353	25.1452318	8.19917279	50.27309956	54.43979535	45.16654673	19.45524563	10.63221803
25200	40.76275804	46.50335288	32.46721632	16.89144479	6.669933967	48.04920635	46.1765289	19.45418952	8.273935652	2.035485152	45.69153835	49.12090215	48.62879497	28.44550275	9.868460976	50.3558562	54.06044737	46.93848119	23.15071846	12.96825965
26100	38.98540262	45.95510844	36.48187622	19.75175916	7.934910643	47.01421956	46.54792332	22.05743247	9.512708143	2.575867559	44.39718382	49.26157977	50.16907381	31.8404956	11.6701399	50.24702255	53.33621489	48.29460403	27.34619221	15.4932821
27000	37.32681549	44.83757518	40.00822725	22.95006555	9.661620823	45.79926029	46.13608302	25.42721738	10.90709061	3.234392893	43.44637439	48.23966009	52.14017275	35.31611989	13.56015563	49.43668457	52.50927671	48.31746866	31.58723032	18.4620272
27900	36.31232796	43.34809462	43.13161275	26.43926589	11.66358781	44.44594573	44.86838129	29.16250731	12.48231899	3.856914082	42.6739926	47.59273053	52.83044788	38.45861979	15.60211968	48.7482425	51.69423662	48.88635578	35.96303984	21.70657909
28800	35.4382118	42.17462163	44.98170598	30.19742286	13.79210757	43.14093239	43.75493556	32.93836556	14.25638962	4.542398316	40.90241011	46.36890283	53.51132004	41.73810631	17.90190067	47.46431201	50.76697345	48.9453196	40.54075787	25.48873541
29700	34.77977427	40.94860252	46.83194875	34.47140918	16.17282207	41.51419147	42.63562117	36.79336591	16.16197281	5.304259759	38.82300635	44.64406254	53.55960653	43.9325193	20.30591414	45.36098793	48.45085317	49.55082075	44.48799919	29.34938946
30600	33.5637201	39.24873808	47.68804783	38.63830926	18.6964537	39.98645622	41.39700423	39.80273947	18.18283682	6.126907997	36.87268379	44.21269454	53.97305452	46.08952884	22.86408927	43.33195357	46.92957836	49.70773805	47.97778968	33.39034396
31500	32.91560043	38.25474185	48.59076181	42.27469929	21.6742469	38.17664803	40.04931045	43.17685035	20.12585636	6.986486906	35.71265879	43.05665613	51.24101613	47.12583089	25.44618872	41.70531132	44.88080978	48.63942806	50.90076334	37.42631615
32400	31.13302704	37.59185202	48.52192366	45.84110273	24.788479	35.90904034	38.70645047	46.02649164	22.16808985	8.006536781	33.16206746	41.85042313	48.86348435	48.05423054	28.23780122	38.77703707	42.88390514	47.43918693	53.62445175	41.04116504
33300	29.73990982	35.91911654	47.66621452	48.85371261	28.16784444	34.22653435	37.44497522	48.07088492	24.24921	9.213999252	29.78391431	40.49982125	47.55826138	48.03225026	30.99700073	35.68604048	39.77786138	46.96209355	54.84809126	45.02682032
34200	27.32967569	34.74760538	46.73185952	50.48958874	31.23659284	31.07253703	36.06152484	49.54981493	26.26411362	10.4859202	26.53106297	38.97350843	47.14551189	46.54198953	33.52926621	31.94984433	36.87184155	46.92596151	54.35085906	48.57296676
35100	25.06425168	33.12246863	46.19866224	51.23875875	34.56198231	27.85062589	34.38001574	50.50879344	28.40138587	11.8734237	23.95510175	37.15491688	46.15161732	46.8237943	36.21428697	29.13009071	33.38347011	46.13104858	53.24457585	50.02786811
36000	22.98028045	31.56618835	44.193816	50.98927001	38.32739804	25.08253025	32.5621977	51.24331004	30.4815034	13.44059406	21.98861327	35.25687604	44.42272114	45.61921109	38.56320873	27.03141231	30.15608387	45.76495136	52.20406809	49.75885344
36900	21.16360079	29.57315502	43.27328238	49.98016745	41.85592235	21.61011287	30.79976667	50.45603334	32.28690249	14.93980609	20.38298726	33.49851596	43.11877398	42.8444267	40.48146029	25.75601172	27.30433736	43.95145526	51.24186942	50.53790741
37800	19.76780989	27.8815723	42.99467297	49.35780454	43.88402297	20.20042308	29.1056219	50.30449629	33.87010221	16.44982499	19.3211348	31.36063005	41.65752541	42.13060358	41.66718471	24.30684044	25.57489315	42.81306598	50.14933305	50.95867468
38700	17.23143333	26.49681056	42.007756	48.20660998	44.6931933	17.67069138	27.17251895	48.67628847	35.34977677	18.07005598	18.40285473	28.82245138	39.7342437	41.43022417	42.80556194	22.45085924	24.0428129	40.67325809	49.19794744	50.98164055
39600	16.07262295	24.66888442	40.80797406	47.34967967	46.21227264	16.26414315	24.9993419	47.05861691	36.59684862	19.64558273	17.58080767	26.42888277	37.61441441	39.29080259	43.78001598	20.47146801	22.81897842	38.44765962	48.22929219	50.8961073
40500	15.83840957	23.19049325	39.84457812	45.87679731	47.38658108	14.92326018	22.55441085	45.5242489	37.52043877	21.17816617	16.59711359	24.03843915	35.07975574	38.00498992	44.57832575	18.76483537	21.42403961	35.91942576	47.79995823	50.47086822
41400	14.06321533	21.82766795	38.62985395	43.90778936	47.78456067	13.83840869	20.15642227	43.98006463	38.16034319	22.51196736	15.56353462	21.94689839	32.11212857	35.70708065	44.47487493	17.34693729	19.92354895	33.37402812	45.51271264	48.75441955
42300	12.85132042	20.23967216	36.635331	43.10698328	47.73471674	12.92319911	17.99881433	42.27212165	38.28027753	23.84676154	14.58961674	20.38265587	29.70320196	34.08105934	45.00634433	16.11231734	18.52232869	31.19134876	43.76448602	46.84518131
43200	12.13077959	19.1474343	34.86724413	41.21451364	47.19596392	12.39154245	16.22973618	40.09446916	38.16256786	25.01342382	13.72366124	19.42062326	27.55539275	31.44567209	44.55052199	14.956805	17.38811625	29.07277954	41.98363654	47.431972
44100	11.66334319	18.16951531	33.00190788	39.86566193	47.18235899	11.61020953	14.8599901	38.18439981	38.31151898	26.08167045	12.99228764	18.59694857	25.05905288	30.56246398	43.39085915	13.99331514	16.27101602	26.71021481	39.18256668	45.23210722
45000	10.95599301	17.39935376	31.33934895	38.12836738	45.95561599	11.27474345	13.79007814	35.70357717	37.94059099	27.05313457	12.29802279	17.77496914	22.50412344	27.58018223	42.18844594	13.11197026	15.27558022	24.58176735	36.08264226	44.51608609
45900	10.25301635	16.71551509	29.03826103	36.3421909	43.48785771	10.73870285	12.90477986	33.63592797	37.42745883	28.00831714	11.63819867	16.86527213	21.30023098	25.40686281	41.92410792	12.37604369	14.38872872	22.65442247	32.81084798	42.15604081
46800	9.784077247	16.29683844	26.98003858	34.19950681	42.77098167	10.54636598	12.12805357	31.45920919	36.81717535	28.93533053	11.03072335	15.8829052	20.67682413	22.57569015	41.09528308	11.73921755	13.70715397	20.86513935	29.36872044	41.16140154
47700	9.244382983	15.85045336	25.09227047	32.47148537	42.00217778	10.3096131	11.49781584	28.93262091	36.10908839	29.80443318	10.47368537	15.15918533	20.14161975	20.34974086	41.49111926	11.15410733	13.07168649	18.9713124	26.34038279	38.98645824
48600	8.767202838	15.29243285	23.03590246	30.41163081	41.2877081	10.12979473	11.07509896	26.09196019	35.34936057	30.44763529	9.949743041	14.52139016	19.69094518	18.60321335	38.90771399	10.62017236	12.54870192	17.34407184	23.66421449	36.12577275
49500	8.458610907	14.59172181	21.55347548	27.82213472	39.69529999	9.932300104	10.49800111	23.6837347	34.49526446	31.09916035	9.569254986	13.99641219	18.90967875	17.3601466	37.01227193	10.19316887	12.08456733	15.98595151	21.17103353	33.39902886
50400	8.127079808	13.60624276	20.38485687	25.84367383	38.35536555	9.920132663	10.19798811	21.0943175	33.40724616	31.77000536	9.210295357	13.58910689	17.95486496	16.3709099	35.81097182	9.811216667	11.697067	15.06714569	19.26942461	30.53253202
51300	7.824641616	12.61166119	19.31400314	23.77625625	36.73521887	9.825867393	9.757810932	19.4302954	32.17414594	32.39978463	8.907491533	13.02494082	16.79213191	15.68742334	34.25639619	9.459573881	11.30706442	14.25464288	17.66832584	26.6955719
52200	7.577742012	11.80170096	18.1177382	22.10653355	34.84545505	9.821811458	9.463764256	17.87944677	30.82119771	32.94874023	8.627660453	12.57563801	15.55381921	15.04085342	32.44165752	9.113237512	11.00810601	13.50322503	16.32731715	22.35284506
53100	7.390008611	10.8967769	16.87657518	20.49400123	33.03041822	9.735757585	9.334588368	15.83963835	29.22123756	33.35943652	8.430689787	12.17945959	14.4176982	14.50407605	29.72879784	8.850258618	10.70604562	12.92554151	15.1609747	20.4578962
54000	7.171524515	10.28085448	15.53760552	18.94498397	31.07183135	9.671054556	9.212502613	14.54009709	27.6145194	33.56973845	8.211083184	11.85444516	13.57785039	13.94304963	26.569505	8.62994096	10.46271298	12.42605082	14.08724798	18.89628749
54900	6.986065102	9.965655294	14.33114679	17.59747352	29.26168618	9.616319815	9.083149804	13.32529378	25.94695247	33.52182109	8.081428167	11.4965798	12.820868	13.30584489	24.06260098	8.41394933	10.17262157	11.88322814	13.11366444	17.54188162
55800	6.777832191	9.662496408	13.34973142	16.50402606	27.09382283	9.664208112	8.96406396	12.23127806	24.11088642	33.13801824	7.962452764	11.11520858	12.0945314	12.61216484	22.37142441	8.185826598	9.924637825	11.33881363	12.22706907	16.41789747
56700	6.649048631	9.378830952	12.30081464	15.56664408	25.3679275	9.641294965	8.852441866	11.68469238	22.0789871	32.6282997	7.853102059	10.82241177	11.55824128	11.86115507	20.87569841	7.978282525	9.742687954	10.84513452	11.43620466	15.32717733
57600	6.517653253	9.139533053	11.51330776	14.68315198	23.35583018	9.660696823	8.720970439	10.99926757	20.30988675	31.92871508	7.666609091	10.62366463	11.05563737	11.11603829	19.57803636	7.779782673	9.498900073	10.30174288	10.72203046	14.22247414
58500	6.325531954	8.86454038	10.9729311	13.72470939	21.72263937	9.729509326	8.615605752	10.180624	18.60773308	30.91244427	7.612318832	10.44493297	10.62453168	10.3670316	17.98105505	7.628558644	9.261790689	9.714215448	10.02220078	13.25066481
59400	6.173799261	8.558062038	10.53055743	13.05857464	20.11102649	9.801717568	8.55733611	9.636443185	17.05645133	29.68793135	7.549969088	10.31333113	10.26609176	9.759282077	16.5059638	7.441414084	9.105745987	9.386826065	9.293141645	12.36317787
60300	6.079673522	8.463664813	10.15271046	12.35855278	18.58928078	9.83367204	8.44553317	9.238491869	15.52678807	28.3548784	7.491424971	10.22212281	9.891548189	9.21426558	15.08622509	7.295929578	9.032039946	9.039516996	8.799038436	11.55619104
61200	5.920292914	8.19324049	9.836156301	11.84340059	17.46253209	9.932916217	8.440084796	8.875525757	14.23102289	27.06329851	7.436075336	10.10355499	9.590974795	8.776160571	13.77712072	7.158158325	8.896935998	8.726732754	8.288926064	10.87727539
62100	5.829339175	7.913885577	9.515659173	11.29422831	16.19965123	10.01467883	8.442235345	8.584645745	13.22288982	25.68684133	7.425343806	9.937220702	9.342469003	8.387761887	12.50249347	7.025320204	8.79521256	8.303138613	7.856115476	10.22388913
63000	5.671337943	7.758045369	9.2226926	10.80109811	15.2378763	10.11287227	8.425164462	8.421228282	12.34763642	24.17547139	7.312859641	9.892074011	9.123056455	8.061071626	11.33214502	6.904903192	8.698632019	8.13073936	7.435395136	9.602215575
63900	5.562494333	7.516234929	8.895814737	10.42792435	14.38784574	10.19652913	8.412346118	8.270635785	11.45827321	22.94931444	7.270313856	9.837797696	8.905299801	7.865470805	10.35671027	6.8082866	8.69354717	7.994104567	7.143443547	9.135484725
64800	5.411752839	7.249418207	8.597512361	10.06869523	13.57432495	10.28284025	8.434822592	8.123496842	10.71904576	21.71744092	7.213545221	9.744137428	8.688071772	7.730648628	9.575053784	6.686487231	8.481696588	7.712672714	6.77183889	8.672466695
65700	5.297660001	7.121541513	8.397943349	9.722159322	12.86961116	10.40534677	8.411369981	8.030144659	10.2171659	20.57186416	7.201726986	9.6020382	8.572856579	7.626121145	8.914135164	6.582482732	8.498559735	7.542884759	6.558193667	8.279000675
66600	5.170221846	6.85558412	8.076496157	9.523507224	12.15618664	10.5092502	8.465022248	7.789550268	9.725090355	19.4710943	7.168828395	9.636820348	8.405630955	7.467769718	8.363228409	6.52473795	8.433043782	7.338360334	6.326198653	7.922807696
67500	5.072231319	6.663266116	7.933699755	9.257969665	11.64525985	10.67114208	8.453647233	7.64750057	9.28362082	18.31231338	7.1236094	9.564232519	8.26690167	7.297007989	7.935369379	6.486468584	8.35554657	7.198610859	6.104630704	7.57522339
68400	4.914035146	6.49001401	7.738061745	9.060375005	11.1659757	10.81433228	8.482292825	7.471650766	8.928608864	17.20499413	7.110735288	9.57366034	8.147071067	7.071534104	7.509637962	6.457341588	8.303364168	7.020509645	5.903200109	7.273189634
69300	4.83053606	6.392097425	7.533983265	8.899257461	10.79780733	10.91698355	8.521695296	7.341231502	8.636041868	16.11837179	7.101458609	9.523031517	8.082676031	6.826389408	7.147365777	6.371140689	8.272873879	6.875758472	5.694460487	6.948773143
70200	4.678309872	6.219030932	7.41086408	8.6810243	10.44267891	11.06830861	8.500898893	7.256056691	8.469778901	15.2477376	7.00651637	9.442400296	7.929579808	6.691082254	6.896215204	6.335617268	8.255720032	6.747739284	5.525741403	6.702641857
71100	4.58695181	6.11476286	7.284206779	8.534523704	10.14771259	11.2055209	8.490553949	7.193479707	8.237697565	14.2799871	7.066992361	9.481217226	7.80682273	6.588142134	6.672535619	6.289571948	8.178246626	6.621582668	5.381619697	6.516779338
72000	4.442826845	6.021226278	7.087590116	8.328977232	9.876530935	11.32876704	8.522422233	7.122877594	8.043938681	13.47807475	7.043456184	9.387784934	7.738701286	6.535816928	6.426430205	6.227701784	8.102941448	6.520847063	5.294427178	6.340420863
72900	4.388052974	5.872676022	7.018878327	8.232522704	9.602300676	11.4263725	8.54588538	7.097013771	7.863161572	12.60979638	7.013964611	9.415701968	7.626448492	6.466630013	6.24156771	6.201131399	8.135704192	6.337832488	5.133818035	6.175225356
73800	4.235558334	5.790844584	6.854681915	8.092003556	9.398667053	11.53317542	8.579712403	7.043440046	7.732616136	11.77687662	7.026681244	9.390283503	7.577264029	6.40699377	6.027388666	6.192682921	8.064759683	6.229612098	5.030657142	6.017987094
74700	4.158111871	5.667396488	6.770502341	7.878590465	9.158157868	11.5778886	8.573090769	7.034971032	7.673554519	11.12598212	6.958705201	9.322716369	7.530871732	6.371716915	5.894335018	6.167503767	8.008878487	6.16870361	4.938528033	5.897728789
75600	4.062528114	5.535618855	6.65717686	7.767754096	8.96852633	11.70043071	8.604484059	6.998780473	7.523704401	10.45872411	6.979739577	9.36196824	7.456438018	6.407358391	5.692850241	6.095973294	8.005234192	6.023890045	4.849339425	5.784371552
76500	3.997411813	5.450517384	6.512364954	7.606631791	8.782404088	11.78939871	8.658683151	6.995109317	7.443134416	9.935425971	6.956558778	9.345493371	7.378028122	6.406626124	5.635960845	6.077779349	8.036357789	5.942433828	4.76310556	5.700955962
77400	3.931813616	5.315560993	6.376696782	7.426741967	8.563264392	11.87699057	8.695922895	6.961299244	7.372961613	9.571443582	6.931639904	9.285136344	7.369664777	6.43926277	5.56197761	6.106757214	8.038291407	5.91186517	4.673513628	5.612641657
78300	3.854557491	5.227769027	6.22266038	7.198844736	8.382228871	11.93522996	8.713293833	6.967431862	7.283295826	9.100101164	6.922996862	9.251282438	7.254854976	6.460296078	5.450606981	6.062229539	7.974687596	5.80889899	4.627762717	5.547750913
79200	3.840315598	5.1616088	6.105643743	7.034131374	8.177712547	12.04411815	8.804897646	7.011476664	7.211051666	8.726678731	6.886568181	9.288749404	7.226437672	6.414082493	5.341584926	6.03856524	7.965403271	5.754826351	4.554475865	5.44326209
80100	3.869494257	5.101037512	5.970107039	6.864258146	7.979428636	12.1549521	8.815727692	7.020352847	7.155318803	8.372367856	6.855420002	9.278194598	7.154735577	6.393864468	5.278169457	6.029541023	7.931317001	5.703331486	4.533510754	5.417680249
81000	3.914001581	5.0380567	5.813174689	6.777455092	7.773502536	12.19970203	8.868843908	7.036201465	7.096171726	8.133664698	6.864587245	9.286223544	7.104672133	6.320758034	5.175966061	6.01425477	7.994816845	5.725747893	4.434489856	5.356864278
81900	3.984763631	4.900587571	5.66320262	6.603161211	7.569630231	12.31392648	8.92753963	7.044077118	7.055812513	7.888012559	6.868937957	9.315046155	7.008930157	6.314994499	5.11352009	5.996727111	7.962322283	5.684311314	4.379996256	5.293541111
