Time	B2	B3	B4	B5	B6	B7	C2	C3	C4	C5	C6	C7	D2	D3	D4	D5	D6	D7	E2	E3	E4	E5	E6	E7
3022.019158	-4.766854152	-0.432237186	-0.266640221	1.914222347	-6.161044064	0.009260107	-1.527464931	2.438742101	-58.4897317	2.629202103	-3.909110576	-2.503132504	-3.263843219	-0.02138247	-7.371832032	-1.000636561	6.02543881	-1.557745757	5.805359432	2.856486682	-1.390600382	-0.01998449	4.307464335	0.940618853
3922.019158	-4.440607589	-0.53913326	-0.246072301	1.380651955	-5.260279135	0.209189787	-1.427178143	1.885846461	-50.64232947	1.95893586	-3.203819475	-1.935245735	-2.396482393	-0.023254295	-6.323136047	-1.118046012	5.276748463	-1.31105069	5.153692352	2.54831734	-1.105972859	-0.281250244	4.191695126	0.883735964
4822.019158	-4.039099119	-0.435535109	-0.046510473	1.004226532	-4.480023972	0.517702517	-1.110447032	1.852653703	-42.80778338	1.856468532	-2.451738701	-1.32637675	-1.706927301	0.185593244	-5.207993042	-0.900089656	5.169424665	-0.910412354	4.709934548	2.362323077	-0.747428206	-0.085212491	4.404724954	1.01099781
5722.019158	-3.699880979	-0.378222772	0.146347967	0.871780981	-3.955464287	0.737400892	-0.823727075	1.646242413	-32.0663232	2.046222455	-1.860022058	-0.934313127	-1.236440447	0.247628904	-4.32704796	-0.61297121	4.78895427	-0.666149624	4.503970733	2.183360168	-0.523954253	0.049710616	4.203758378	0.988318371
6622.019158	-3.519269608	-0.302622145	0.311899799	0.823150571	-3.711194216	0.898049652	-0.464858389	1.702531837	-26.13723438	2.160032352	-1.62184861	-0.640536258	-0.814158358	0.315688003	-3.616036445	-0.38042725	4.474588983	-0.447005829	4.445177211	1.993566086	-0.343735124	0.18049315	4.070674692	0.96154589
7522.019158	-3.263787185	-0.225995461	0.442164222	0.916811968	-3.429025868	1.000073258	-0.13432854	1.704111562	-22.6091088	2.30077467	-1.356353893	-0.42830565	-0.463821383	0.328772479	-3.095296464	-0.055951212	4.452395891	-0.310518974	4.665258052	1.927614885	-0.249081674	0.343582315	4.162992994	0.986848443
8422.019158	-3.060102925	-0.191131348	0.527371527	1.207836416	-3.231084575	1.127717002	0.431769587	1.671230802	-20.19728964	2.593925501	-1.114265468	-0.27296898	-0.025681683	0.351404407	-2.732882671	0.276293164	4.27247321	-0.157045412	5.097411133	1.866530183	-0.111742272	0.616497329	3.991732566	0.973832165
9322.019158	-2.817506305	-0.141200819	0.507180296	1.732217118	-3.040108029	1.178399882	1.399957393	1.694476133	-18.44436941	3.04928516	-0.848394146	-0.151006667	0.580855117	0.411347321	-2.48139886	0.798127289	4.105826763	-0.052398751	6.051993404	1.858987969	-0.015195667	0.959292737	3.882280497	0.955148284
10222.01916	-2.557559188	-0.122078861	0.573607049	2.635353702	-2.826322922	1.250565917	2.789920836	1.777530808	-17.06472267	3.880659606	-0.628669407	-0.025469094	1.503471578	0.479827363	-2.179469991	1.525091932	4.368521791	0.054737278	7.570539042	2.007381274	0.103142445	1.53323494	4.125525589	0.941332881
11122.01916	-2.215116806	0.007661503	0.646605318	4.016686532	-2.602874201	1.338550685	3.99128056	1.935417452	-15.95479456	5.218657329	-0.287737072	0.090839801	2.615995918	0.568222864	-1.926600538	2.634217538	4.171397419	0.144807775	9.405812996	2.33920771	0.217479352	2.446954633	3.984785013	0.970280711
12022.01916	-1.772000513	0.091334391	0.692958606	5.473088809	-2.306563839	1.378486844	5.424067845	2.230084431	-15.02796703	6.848583531	0.091383138	0.193519674	3.666615189	0.733378938	-1.650161614	3.814706417	4.172498715	0.217812548	10.58543964	2.715079065	0.391049606	3.68394788	3.919049117	0.967443392
12922.01916	-1.185100122	0.225868773	0.809990334	6.90217115	-2.007812921	1.411574507	7.160298954	2.636550698	-14.15460465	8.973578433	0.503349045	0.331757621	4.675001959	0.963759842	-1.359539066	4.881858726	4.212686156	0.349553792	11.98353907	3.192822626	0.583590148	4.407927603	4.012925963	0.992965722
13822.01916	-0.242561801	0.425535243	0.926999969	8.470404106	-1.51696132	1.509834201	8.779307416	3.314494831	-13.37320754	10.77360114	1.030819664	0.400614826	5.814713392	1.314548617	-1.180934867	5.826337183	4.484544968	0.482628709	13.73685488	3.847128924	0.767928467	4.670295077	4.248310593	0.994321543
14722.01916	1.004164239	0.636716262	0.931664189	9.822181348	-0.858246974	1.580463435	10.65826301	4.23928238	-13.7111167	12.34257006	1.767072157	0.595544316	7.262465786	1.86561028	-0.952392209	7.341422269	4.8595444	0.5662509	16.02949021	4.592141549	1.082772539	5.607149111	4.628315366	1.116837065
15622.01916	2.372259808	0.95920895	0.947933603	12.00036217	0.132695624	1.696718651	13.0867	5.48930031	-14.15441762	14.43008376	2.81972923	0.762134848	8.718788476	2.491679647	-0.758596228	9.244026604	5.589202833	0.730454114	19.20205273	5.474439538	1.509799756	7.28416021	5.275542475	1.227444213
16522.01916	3.88659836	1.421157862	0.994640809	15.18600016	1.629772061	1.905763151	16.37404446	7.09067168	-15.29154625	17.24211932	4.324480459	1.040069882	10.63311235	3.089867172	-0.577928885	11.19290337	6.627232014	0.905470012	23.45047432	6.832350054	2.138646526	9.224438652	6.195470804	1.432072884
17422.01916	5.858215196	2.24099347	1.470199065	19.61811218	3.422765145	2.111092911	20.46291112	9.07520351	-12.58286472	21.22571844	5.813212091	1.308797549	13.18461629	3.993071451	-0.035203168	13.11523704	7.265178074	1.172261441	28.57283953	8.665000778	3.004258756	11.52008491	6.573920491	1.683118015
18322.01916	7.978945013	3.424895604	1.848848234	23.9460483	5.209281666	2.429325297	25.23186844	10.93672044	-10.79928702	25.93647399	7.696834479	1.779778079	16.61928148	4.851938535	0.574674027	15.44709581	8.388667945	1.502290496	34.74654209	10.62478659	4.144751767	14.34743513	7.480299776	2.10461154
19222.01916	10.26783275	5.008610624	2.325387599	28.80536922	7.013574401	2.835079294	31.16666649	13.54410733	-8.933212076	30.59636099	10.20475385	2.411156927	20.961049	5.658891598	1.278049375	18.24432702	9.756570136	1.945319391	39.9672102	12.41267808	5.586968224	18.17651249	8.936438451	2.787948055
20122.01916	13.32028533	6.896937728	3.003173122	33.94061609	9.36471254	3.51781236	37.09048247	16.60135339	-6.913574352	35.18591298	12.64599912	3.28024373	25.92103453	6.796104495	2.200657338	21.59644135	11.08072273	2.591761227	45.43062	14.72056426	6.975798413	23.31303143	10.62589733	3.625321012
21022.01916	16.90573652	8.30185845	3.615177974	39.47700422	12.0125436	4.496458311	43.18762023	19.57739818	-4.55899668	40.57039709	14.9931286	4.49173307	31.96177176	8.215702553	3.100977117	25.39978617	12.14730785	3.447114506	50.1498296	17.58158476	8.614106155	29.34118922	12.03600846	4.600616005
21922.01916	21.10561502	9.941307026	4.377599072	44.2014704	15.63596448	6.093590804	48.48910352	22.85167641	-0.940760184	45.54719643	18.20606443	6.058573095	37.93388693	9.665871381	4.242201878	29.12154813	13.82787247	4.308747624	53.70520973	21.31430897	10.57608431	36.45357115	14.17830563	5.866429581
22822.01916	25.99667618	12.05191178	5.178968146	48.80363635	20.06157643	8.065782225	51.56528406	26.48695791	2.933403779	50.09763453	22.31926683	7.63805488	43.76168689	11.19097512	5.666469127	33.1631976	16.14657304	5.525581833	55.57235478	26.64593219	12.68498058	40.6087475	16.67253986	7.051008145
23722.01916	31.46902217	14.86385903	5.992322929	52.60663924	25.23276817	9.811233492	54.76469523	30.33668115	6.784544907	54.64079296	27.15116236	9.297543743	49.73690593	13.12025642	7.401919765	37.43161487	19.3662421	6.926661693	55.52558647	31.9475683	15.47738846	47.54497941	20.25877031	8.582729294
24622.01916	37.05715403	18.2012949	6.745507151	53.12953681	30.88849017	11.25769201	56.53077202	34.41334482	6.721354136	57.38491008	32.39496011	11.22155635	54.53920889	15.24651864	9.056720811	41.49240099	23.19652763	8.022106791	54.98437108	36.87847267	18.80395589	52.38239405	24.38744733	10.62216684
25522.01916	42.30011654	22.75662713	7.601420129	52.49182875	36.19504954	13.09209179	55.8830533	38.58474155	10.62890556	57.8017888	37.31846995	13.57999087	57.74768653	17.81900779	11.17739363	44.82785091	27.2210249	9.368597453	53.60478578	42.55820215	22.42153163	55.16907371	28.90945802	12.89790509
26422.01916	46.96996744	27.21093419	8.703789636	51.85139383	40.94291282	15.80797543	54.34343267	42.81260778	16.05960681	57.79027212	42.54140638	16.54572749	58.46244352	20.72589324	13.80090747	47.01676915	31.47076053	11.23466212	52.5876762	47.91812444	26.74292487	57.32776909	34.5277751	15.82733894
27322.01916	50.79314633	31.94478181	10.03366743	51.43854814	45.46936088	19.11262333	52.85923328	46.65945438	21.22549174	56.63106942	48.03310962	19.8369332	57.35117568	23.76819394	16.72761151	48.70617492	36.67916159	13.99264308	51.04207959	52.3557076	31.13263337	57.97452965	40.210455	19.84346506
28222.01916	54.00934777	36.9053947	11.48887805	50.9770578	49.38912688	22.90096342	50.09667214	49.55402119	26.36769749	55.69575493	52.49054563	23.22156244	55.15689192	26.87012733	19.35686184	48.31053887	41.76306462	17.42165501	50.16983045	55.87994093	36.36355353	57.09562461	45.69873838	24.26694561
29122.01916	54.45702517	41.74825862	13.09845829	49.71617451	51.62336108	26.39640476	47.82762355	51.30414545	31.93281654	54.81446071	54.99558029	26.96956113	53.42864309	30.61152056	22.18530221	47.53990513	46.37024384	20.36316367	48.91780881	57.64869461	40.88446879	54.68186299	50.68800101	28.78445962
30022.01916	52.55799361	46.19818405	14.70350189	47.86825526	52.74202738	30.60611937	45.84321661	51.29627795	36.06888188	53.69567295	56.32562925	31.15691139	51.67187904	35.20493941	25.40603792	47.26477339	50.53149548	23.72766938	47.23045073	58.67903234	45.61615229	54.90015386	53.1297335	33.30770951
30922.01916	51.31735535	50.67252371	16.5476074	46.31425018	52.84803794	34.88107307	43.79431136	49.863865	40.36077449	52.22521572	55.57096025	35.37513037	48.60645997	39.67475477	29.26378623	46.58857017	53.35854085	27.58306394	45.40227628	57.41830428	49.45133839	55.00916415	55.48605589	38.00650798
31822.01916	49.76405584	53.76050042	18.39124285	44.17659792	50.75655405	39.21534732	41.34547725	47.8089737	42.86742067	50.55342947	54.17339185	39.7313268	46.98913166	43.79836451	32.99537283	46.0517746	55.51344842	32.01032704	43.73477405	56.13131464	53.37614923	54.18986892	56.67463498	43.31707427
32722.01916	47.99161562	54.80586516	20.31566614	42.39950331	49.68807896	43.28889639	39.51465169	46.46596589	44.91377957	48.88360528	52.74049915	44.21496535	44.86897543	48.92116483	37.48610355	45.64837132	56.49188708	36.66076399	42.76559614	55.09483669	55.25372882	52.8688014	57.66367293	47.91275758
33622.01916	46.47979593	54.67402218	22.23949466	40.17550521	48.54548103	47.17885829	37.79762062	45.35411067	45.6584298	46.41006941	51.28029523	48.46694005	43.50162206	52.65529121	41.71315577	44.67235139	56.46770614	41.6887795	40.74688772	53.33418682	55.17411534	51.21843671	56.51882485	50.9094877
34522.01916	44.24902729	53.60335751	24.26130585	37.71908105	46.89185343	50.31304996	35.91846766	44.2754795	44.08403929	43.51227764	49.82088992	51.53857312	40.86221519	55.76597184	46.21518694	43.61162119	55.95660277	46.16806444	39.27058041	51.52227779	54.79347491	48.48062086	55.0906108	53.08424317
35422.01916	42.34761261	52.59549649	26.69487057	35.33386604	45.07944112	52.54018751	33.23362276	42.86286824	42.98730187	41.20720135	48.62756042	54.06470173	38.01445792	57.04081176	49.42540008	42.64815649	53.92470896	49.03246403	37.69847762	48.88582128	53.27072468	46.6109352	54.17392752	54.14575436
36322.01916	40.61517621	51.29397199	29.60873836	33.02552988	43.08974751	53.2665394	30.38975711	41.35031654	38.78142204	38.07914838	47.51821947	55.13628044	35.16148413	56.65715929	51.41665058	41.32195975	52.55488032	51.12066829	35.59355152	46.45731188	51.254189	42.89858589	53.89790364	54.58666716
37222.01916	38.4195984	50.43686642	32.95636534	30.92888708	40.9015264	52.06085815	27.6168413	40.12557541	36.06768622	34.4344869	45.91983322	54.86415012	31.50255103	55.75063009	51.88066617	39.02411025	52.12597476	52.55049646	32.65347612	43.92924566	49.61140289	38.76342146	53.01469727	54.06474669
38122.01916	36.39285106	48.73141847	34.7225805	28.56139152	38.67121702	50.8155367	25.28030498	38.40325367	34.35185581	31.49266159	44.33279042	54.87450923	29.22654908	55.03560264	51.39508576	36.92431327	50.1447203	53.60603266	30.27302957	40.74117232	48.0394585	33.90915541	52.14441706	51.41724617
39022.01916	34.53735149	47.13879547	37.52232678	26.97039364	36.63709956	49.2511314	23.29642772	37.06847396	32.00991662	29.32060385	42.33321718	54.60805989	26.26173581	53.43530387	49.38088137	34.15395036	48.65854461	53.71104954	28.02243689	38.8221659	46.54464149	29.79057877	51.19020235	49.63481174
39922.01916	32.62869272	45.1421955	40.16530798	25.08313577	34.35628107	48.1667519	21.34452453	35.37498893	30.22812832	26.84460324	40.4197054	53.45543781	23.91630492	50.55608244	46.67456127	30.74981518	46.28716578	51.21492293	25.56363218	34.70394371	44.3424668	26.8850991	49.46083225	48.99129379
40822.01916	30.7409365	43.74674335	42.91684073	23.34519906	31.98295969	46.83145052	19.28628679	33.68151685	27.86007853	24.46443716	38.00000919	51.5216395	22.46012297	48.6325627	44.77556226	27.61737233	43.30681294	50.66631554	22.84629307	31.64804984	42.74173404	25.17212195	47.48941811	47.76902172
41722.01916	28.73304959	42.09732778	45.20894164	22.04171938	29.67010115	44.96660901	17.21775167	31.96384986	25.96933066	22.42328091	35.62641001	50.30356443	21.34882619	45.86453526	42.53681534	24.4844577	40.48706162	49.99775492	20.61271445	29.07448554	40.85737583	23.65416481	44.84764195	46.90078586
42622.01916	26.98775841	39.72165607	47.37282871	20.76026377	27.53762935	43.44210298	15.73879842	30.20086416	23.6071153	20.61604429	33.25802239	49.58345463	20.5655986	43.39072165	39.16819061	22.00117617	37.63246651	49.17066006	18.73281592	26.84475007	38.99196211	22.13269583	41.55226829	44.7928997
43522.01916	25.22637722	37.55554073	49.21710487	19.71357939	25.48761678	41.54863904	14.6598492	28.24196327	21.39188753	19.04007375	30.61746957	48.62920284	19.94448163	40.02010255	36.28031898	19.52264869	34.41039644	49.11750917	17.33373081	24.74064781	36.18969278	20.70261545	38.11247267	42.76133749
44422.01916	23.57219093	35.24191852	50.40274219	18.77770645	23.67839531	39.99725641	13.73718203	26.46155865	19.08196938	17.69690314	28.34154967	47.01859929	19.39475386	34.80961585	33.37521499	16.94388872	30.6245365	47.8650566	16.15691455	22.87856877	33.83506301	19.30924055	33.4217285	39.79117804
45322.01916	21.75089381	33.24806498	50.23788275	17.84448651	22.09686031	38.59389597	13.02059441	24.33033625	17.30363324	16.44947495	26.08692035	44.48277863	19.10107764	32.31806256	31.40503643	14.51569267	27.08756312	46.93592206	15.38682501	21.10110653	31.79231897	18.1045619	30.32888389	37.28447807
46222.01916	20.38168578	30.98126759	51.12303101	17.08687489	20.44313907	36.34242102	12.38232368	22.67784718	15.33073604	15.39349467	24.16646337	41.989265	18.9150543	29.47509583	29.29139355	12.98990401	23.32071368	45.04031446	14.67125299	19.35747804	30.12680874	16.97705406	27.72291537	33.6191757
47122.01916	19.20639856	28.97268946	50.41847438	16.28262803	19.11596971	34.36825146	11.72935252	20.91342895	13.3039879	14.52175501	22.56070829	39.4706752	18.74168913	27.75118893	26.5910587	11.89394972	20.93224809	42.98245066	14.04872899	17.98349427	27.65742962	15.98590151	25.51698359	30.34317582
48022.01916	17.99651562	26.862735	49.0039193	15.41614594	17.82321087	32.23468709	11.07354581	19.48620081	11.85608545	13.7668327	20.97254646	36.85632015	18.49208932	27.06968671	24.10689519	11.04817503	18.35425457	39.33186708	13.48102762	16.77975559	25.84374211	15.07566751	23.10950522	26.23110022
48922.01916	16.81044101	24.97037696	47.56965193	14.68522116	16.58648734	29.39590035	10.52955624	18.22005402	10.76103747	13.06043493	19.47873435	34.29229327	18.07590999	26.53495135	22.16268112	10.43541506	16.43368479	34.63786967	13.03262126	15.83209505	24.17378884	14.29917186	20.96596968	22.68404162
49822.01916	15.72539407	23.51265442	46.68927161	14.05141776	15.48306691	27.62796432	10.02198218	16.84492032	9.94794003	12.4895613	18.09939823	31.88929662	17.75265923	26.05252506	20.30682501	9.90764293	15.04443671	30.4329853	12.60038722	14.92571575	22.54555042	13.66032047	19.24514025	20.22303626
50722.01916	14.54844309	22.0898684	45.34374415	13.56717479	14.34353465	25.61102034	9.572187263	15.46943569	8.944513994	11.9823649	17.00274318	29.90353344	17.47941241	25.06058178	19.24987448	9.515366598	14.01196472	27.38670128	12.24842358	14.09055448	20.61509711	12.94658411	17.95477319	18.76671301
51622.01916	13.60257488	20.80597696	42.98120993	13.01699869	13.20104859	23.01749329	9.11345938	14.10625481	7.973700045	11.48688094	16.14778673	27.66579505	17.23365943	23.29768329	17.65607435	9.198895843	13.1223533	23.22021375	11.89379253	13.24743487	18.28355353	12.34165116	16.7829226	17.34993757
52522.01916	12.78649317	19.52796945	40.63974823	12.55811337	12.16018852	20.7452724	8.749298984	12.93929941	7.209951842	11.11398352	15.36529925	25.51018648	17.03090998	21.46652928	17.14558442	8.976197812	12.42954535	19.61849456	11.58914484	12.49028365	16.51483314	11.80656544	15.77541503	15.73544109
53422.01916	12.11407829	18.44126076	38.29894628	12.09112717	11.25603773	18.89847112	8.417302922	12.13754554	6.516673029	10.80166367	14.60699503	23.29992061	16.89324229	20.07040809	16.16994427	8.719620825	11.85567879	16.9785488	11.25525076	11.98686559	14.90129136	11.32485414	14.84523512	14.15272207
54322.01916	11.61137088	17.26876472	35.68475088	11.75000665	10.45552388	17.26526084	8.176348604	11.72950822	6.072784236	10.54688663	13.94921661	21.39761942	16.7918718	19.02575057	15.52011856	8.485631278	11.42207197	15.11367451	10.9091207	11.49060404	13.8171629	10.84565405	14.01367656	12.86459816
55222.01916	11.1704296	16.02588737	32.21561653	11.45379278	9.793906101	15.92044085	7.958463693	11.53600335	5.755594638	10.30528615	13.31251628	19.40231958	16.73538563	18.22749282	15.0103774	8.338716984	11.02319121	13.83419039	10.59255149	11.06590406	12.97355862	10.450061	13.24675973	12.0048977
56122.01916	10.74102642	15.08086309	29.57585835	11.17121285	9.248294146	14.71668366	7.821283734	11.45235741	5.493076579	10.0693061	12.89727463	17.70854254	16.65136901	17.65398184	14.71140781	8.163886231	10.69646206	12.91401856	10.28139396	10.69977036	12.32319589	10.07007844	12.57703204	11.56415381
57022.01916	10.4201625	14.27447261	26.88804121	10.87090175	8.729437061	13.73335175	7.697077005	11.31700872	5.383146401	9.899732293	12.41126429	16.23938454	16.61444092	17.1030072	14.80467429	8.022910439	10.38542038	12.12999858	10.04594568	10.44373357	11.94015696	9.833981162	12.07765499	11.51997017
57922.01916	10.12805775	13.65845642	24.00511418	10.56000732	8.291141218	12.86080399	7.583807102	11.03767598	5.175617615	9.782826813	12.07319626	14.93900259	16.58164255	16.59240104	15.13870749	7.889665861	10.1993489	11.34488972	9.813717579	10.20208047	11.55953567	9.540778497	11.54604377	11.50170729
58822.01916	9.793044658	12.98509963	21.49019885	10.29881428	7.991358914	12.25705081	7.49812769	10.63942659	5.194528925	9.695505223	11.70779797	13.68804162	16.53840848	16.15163216	15.13619633	7.751840375	10.1767402	10.6203049	9.595717785	9.942002934	11.17125748	9.301992216	11.16571045	11.23048483
59722.01916	9.514305307	12.29550064	19.45446901	10.06416074	7.66622301	11.75838035	7.386210235	10.26739673	5.511499702	9.59775791	11.40794351	12.66364458	16.42459032	15.73619845	15.2512665	7.680168129	10.13546396	9.999134989	9.443340872	9.624933221	10.71624793	9.065127659	10.68284159	10.9361006
60622.01916	9.265800146	11.92493106	18.06739157	9.899535339	7.434656785	11.37988058	7.305747068	9.819827276	5.533897621	9.555546994	11.1265448	11.88399928	16.35520481	15.37029194	15.04463583	7.629763905	9.927054453	9.394870657	9.254505945	9.453799536	10.50490118	8.866044268	10.29793195	10.57597422
61522.01916	9.062486016	11.48161689	16.91072023	9.699447449	7.225130786	10.99554406	7.239871008	9.486146435	5.246338515	9.51040999	10.89149306	11.19289149	16.22217135	15.01030938	14.86722891	7.489434309	9.643761072	8.961977126	9.1145433	9.253116114	10.23268299	8.714597698	9.970655637	10.15006409
62422.01916	8.755775462	11.07564839	15.96578962	9.631397778	6.969602179	10.65150363	7.165846191	9.238259836	5.10385606	9.421461808	10.6677781	10.64612192	16.04396509	14.71428198	14.70235078	7.40008202	9.44157117	8.569601413	8.932368342	9.047752373	10.05406619	8.51676594	9.620620311	9.729362361
63322.01916	8.5948357	10.6779361	15.05123671	9.516622356	6.822216348	10.39711718	7.102197248	9.005900486	4.985808192	9.370957417	10.45215878	10.20703079	15.92830058	14.48546108	14.5077128	7.332096771	9.23142919	8.32079695	8.820915327	8.817460091	9.765809689	8.360988786	9.357784529	9.344515188
64222.01916	8.384393446	10.33183412	14.13791044	9.451131083	6.58486579	10.08690421	7.057060011	8.864918511	4.845868631	9.399932336	10.27498966	9.956952648	15.76633237	14.25550841	14.25701764	7.318965827	9.094697494	8.099174755	8.686241769	8.690846764	9.518874614	8.188590437	9.08013641	9.052476249
65122.01916	8.154964598	9.989904307	13.21937255	9.31739338	6.414475791	9.836836851	7.03603197	8.776665247	4.589804333	9.329156013	10.14844164	9.692482746	15.55031436	14.11690508	13.98422696	7.280649895	8.939753216	7.937301705	8.597847439	8.593988118	9.319221179	8.010948897	8.848919416	8.701998414
66022.01916	7.973513643	9.670347849	12.32962466	9.312550788	6.193848724	9.544183736	7.004531312	8.646673921	4.258602639	9.297414382	9.992760172	9.438450944	15.34504924	13.96303549	13.80050789	7.23650901	8.787646268	7.760968665	8.478791044	8.448997768	9.162668544	7.89121169	8.651146088	8.492244578
66922.01916	7.82570355	9.463989989	11.54099741	9.217299807	5.998654766	9.3319448	6.990304102	8.637734423	4.079617077	9.284386291	9.914044575	9.248635344	15.16191288	13.91021335	13.65047237	7.262220605	8.711820105	7.59034881	8.393909016	8.254984206	8.971297942	7.769760015	8.418071386	8.196106093
67822.01916	7.58971811	9.211243411	10.93072746	9.190358904	5.839318142	9.091404619	6.965165389	8.600423039	4.06340334	9.332529346	9.870173909	9.022557098	14.91021272	13.78101548	13.46535677	7.185887626	8.554266207	7.47832125	8.241886327	8.107090353	8.791105314	7.541652035	8.262466876	7.954675891
68722.01916	7.421564175	8.976672436	10.42486017	9.137922646	5.744996643	8.965375413	6.880312669	8.492286998	3.966392445	9.3330852	9.815476455	8.879951338	14.64843246	13.6899596	13.33356163	7.161315338	8.478456609	7.339099862	8.143430768	8.029104957	8.640967331	7.473182887	8.055258878	7.77032941
69622.01916	7.290076627	8.817896438	9.927404996	9.169219389	5.672064642	8.792790978	6.869414353	8.416975323	3.948814845	9.376841117	9.79930702	8.657405643	14.38691844	13.55706382	13.19252079	7.121694805	8.387665696	7.216527122	8.034051265	7.896446694	8.519470124	7.341851191	7.930048036	7.580529955
70522.01916	7.094361649	8.600318786	9.616266921	9.14050139	5.624933599	8.734143041	6.819223025	8.321625792	3.979872749	9.397911311	9.743716392	8.5200704	14.11830139	13.44149139	13.09638228	7.086202174	8.262481423	7.095849611	7.936488304	7.765126245	8.435403598	7.227947164	7.777374502	7.454161279
71422.01916	6.996065261	8.399035563	9.233464939	9.09011411	5.554009836	8.591443642	6.820291238	8.240279706	3.867389416	9.395980689	9.715276113	8.292896009	13.88338893	13.31517193	12.97192626	7.029892258	8.179431631	7.0039081	7.848938647	7.639865669	8.308859123	7.105865948	7.583990795	7.29287153
72322.01916	6.811185325	8.256329698	8.877239717	9.070596339	5.499507184	8.409013341	6.797868259	8.113896661	3.825099918	9.467179041	9.658777255	8.142895306	13.64842716	13.22282716	12.86591034	7.05298648	8.129419689	6.935143212	7.776026376	7.505412097	8.201959088	7.083313184	7.482618722	7.135045157
73222.01916	6.697081018	8.15664406	8.507674701	9.075996969	5.445187538	8.348170197	6.795440775	8.035822345	3.723193789	9.463023801	9.660186583	8.003968473	13.43983272	13.09830155	12.81675793	7.013918863	8.005857654	6.819411945	7.674432568	7.421634461	8.066469296	6.982131598	7.35010623	6.978274342
74122.01916	6.57408287	8.00445201	8.252453986	9.010651142	5.313830986	8.238805817	6.741432885	7.949565701	3.614980701	9.510852904	9.602737401	7.867497143	13.25458217	12.97153076	12.63337584	6.968661783	7.975247279	6.761700533	7.594975244	7.306414131	7.91776384	6.868111699	7.195402286	6.827464777
75022.01916	6.403005023	7.923470783	8.032418146	9.044272846	5.308297212	8.161048207	6.715007697	7.957392406	3.558879342	9.526644007	9.581885745	7.752100306	13.08333143	12.82768402	12.48409759	6.959180938	7.873086561	6.679513614	7.557022046	7.174671965	7.799675395	6.791719658	7.067527719	6.595436344
75922.01916	6.347839415	7.869734302	7.748820567	9.029614156	5.239596482	8.070923357	6.722048211	7.880951822	3.491279292	9.539377219	9.537404894	7.598331525	12.96459574	12.6318267	12.40443586	6.943425332	7.800771373	6.586401454	7.462614605	7.03382949	7.669282675	6.683819678	6.927020432	6.345444897
76822.01916	6.265409956	7.702645193	7.588908434	9.018146966	5.253451157	8.041412513	6.684831627	7.835706831	3.383729777	9.526244062	9.53642896	7.488524903	12.81407137	12.47046302	12.21829245	6.959347635	7.712827867	6.478513801	7.447903112	6.910788922	7.552535316	6.593594947	6.815314394	6.165307811
77722.01916	6.10092178	7.631831589	7.368217588	9.017616108	5.208093211	7.9122667	6.66626196	7.80628777	3.391756037	9.552687077	9.532459297	7.320189208	12.68865677	12.32879641	12.07123423	6.874468078	7.645227214	6.407840605	7.388288343	6.801428073	7.424450004	6.554387253	6.690058526	5.952619019
78622.01916	6.018303662	7.515989435	7.159504459	8.997782295	5.179696775	7.845884693	6.671636494	7.736214707	3.334050798	9.553644287	9.546111194	7.221820353	12.51306351	12.17142785	11.94056316	6.917627784	7.527659431	6.383016344	7.338498527	6.692983513	7.311952573	6.417059361	6.585561372	5.826730761
79522.01916	5.89011985	7.363982848	7.000120087	8.990320253	5.242576941	7.754596021	6.683805725	7.64899215	3.20152739	9.562393243	9.468602249	7.106016317	12.45404845	12.04240694	11.78390228	6.856570756	7.461608432	6.330561624	7.352842532	6.594611642	7.189306297	6.279610724	6.447809992	5.631430079
80422.01916	5.854018599	7.275992717	6.875935824	8.999317607	5.215788132	7.715942137	6.600067088	7.56945609	3.118244202	9.597361799	9.470625674	7.005465531	12.32918913	11.88729808	11.64853243	6.844237088	7.400132649	6.283762545	7.355543806	6.518445775	7.097975154	6.212143567	6.409930551	5.569284844
81322.01916	5.741512295	7.195289264	6.669694154	9.046359672	5.170085001	7.619097816	6.614118457	7.575407123	3.038415776	9.627103873	9.458650196	6.938985904	12.26842294	11.72486679	11.49634659	6.872213809	7.33345414	6.237757443	7.347261634	6.403615591	7.021689794	6.192332471	6.311271139	5.413914145
82222.01916	5.606822382	7.125993923	6.526204616	9.088858106	5.198825838	7.599164433	6.663222719	7.532091983	3.086158507	9.653758363	9.500427977	6.872510917	12.20017375	11.62636294	11.3716651	6.875730622	7.288783455	6.239652309	7.401628334	6.354447618	6.945069923	6.117055262	6.231311109	5.336480901
83122.01916	5.601390458	7.042088428	6.33676787	9.11083035	5.227680326	7.589668711	6.666354626	7.508253302	3.074131809	9.722528958	9.461767163	6.776663759	12.14079666	11.501278	11.23825286	6.915587049	7.307951216	6.19386379	7.394829653	6.305998801	6.88966713	6.056494472	6.131531595	5.272504856
84022.01916	5.480438227	6.956528845	6.233928273	9.134866029	5.211453758	7.555610282	6.675210011	7.464816929	3.022668592	9.76794242	9.443085818	6.742931553	12.0316268	11.40527236	11.07420714	6.923609102	7.258180361	6.246877811	7.474835083	6.201073944	6.778639198	5.981017689	6.022098042	5.150762739
84922.01916	5.425707741	6.843843336	6.053659087	9.153726061	5.254352292	7.615597687	6.699363167	7.400619773	2.969042795	9.828962505	9.438286055	6.724052467	11.96583289	11.26835652	10.97087592	6.951663021	7.201427421	6.234972769	7.553801509	6.110142267	6.717819113	5.939754145	5.954069148	5.01713556
85822.01916	5.388187537	6.815598907	5.949773319	9.198470639	5.274968075	7.551756365	6.763125077	7.412421493	3.027152247	9.894860211	9.477449523	6.628440676	11.87633445	11.22349658	10.8592368	6.921378617	7.134307125	6.263905607	7.613057156	6.03656151	6.643970974	5.907206434	5.911358062	4.948980082
86722.01916	5.284529058	6.689822465	5.878821877	9.202346915	5.299937721	7.550327339	6.762351694	7.384047009	2.961080613	9.937501506	9.434501821	6.560813887	11.83269792	11.11506506	10.79996038	6.942727726	7.115779596	6.279349132	7.668088383	6.025341654	6.515765913	5.823198665	5.819966035	4.845837206
