Time	B2	B3	B4	B5	B6	B7
2855.753400570643	1.6320932613464598	0.6772852438166227	0.64912169742356485	-0.99165739393368535	-3.6442373953502392	8.1862047292617728
3755.753400570643	1.2417235456963331	-0.34521805133637462	0.15397387310331537	-1.0193412997994742	-3.7212307059570051	7.729550674101584
4655.753400570643	1.4088569266325228	-0.51987093185595723	0.40957724987664323	-0.73174127706400982	-3.5934652633981039	7.7420634488859967
5555.753400570643	1.5338808950026626	-0.61204073055289543	0.63278479504379437	-0.5086298852316774	-3.4928150100853603	7.7196779314705024
6455.753400570643	1.6646281001864545	-0.68783929690682943	0.79809091448066882	-0.29442109180999487	-3.4698902202709569	7.7042904363190257
7355.753400570643	1.8109512692796383	-0.73470987301363833	0.94899574685891952	-0.094142902877212428	-3.4023943467829905	7.6869660723678228
8255.7534005706439	2.0550642481342707	-0.74583269036783	1.1127524172995769	0.19880642701395082	-3.3587743503637921	7.693388149647725
9155.7534005706439	2.4369009300446129	-0.74348641481999167	1.2720352792104326	0.5416655516579082	-3.3167921865093417	7.7037260106852088
10055.753400570644	3.0071450256510857	-0.72674608272418606	1.4022484540772586	1.0316746826313046	-3.2324188801396363	7.7299539041524108
10955.753400570644	3.93610665681392	-0.69177547840070908	1.5521401916771098	1.69312880376891	-3.1507053455131775	7.7700511132050973
11855.753400570644	4.9470648201985377	-0.61237997753642626	1.6884666373881907	2.7551228649983823	-3.0705950699464934	7.8116599138290583
12755.753400570644	5.8766163263627655	-0.50543061820943636	1.8376326574680018	4.1878048847201095	-2.9480327699458728	7.8705353805388025
13655.753400570644	7.0953693722058562	-0.36509038046458592	1.9825131906862621	5.4849713650692591	-2.8225455008667173	7.9194937651911044
14555.753400570644	8.451531453172505	-0.1860305997081079	2.0989649315948311	7.096795764426215	-2.68078422286484	7.9810002173572112
15455.753400570644	9.49488335804393	0.12204136180959034	2.2272908484902052	9.1907230230998742	-2.4380100337996464	8.0202486132824671
16355.753400570644	10.632651196006519	0.55767494838224085	2.3831598833384362	10.347093488025237	-2.1028990357658812	8.065442581877841
17255.753400570644	11.753432062959227	1.2148079597827162	2.5433192596343943	11.428211361340205	-1.6624481268912663	8.12288078664312
18155.753400570644	13.252430688697755	2.30508449711207	2.7644590839275551	13.287591108314777	-1.0516732332658687	8.1839563469969256
19055.753400570644	15.258707581301875	3.9587710602284503	3.0139456001295839	15.629202395909243	-0.42362460193093349	8.2525113266505841
19955.753400570644	17.820952630085696	5.7705767010310538	3.3780430457427908	18.405620150829545	0.35936500120389592	8.34212510370205
20855.753400570644	21.068221215295051	7.6322562902106528	3.8603099339926046	21.670243177611621	1.2278951485816905	8.4511495134580841
21755.753400570644	24.666258752424341	9.17167868082698	4.5059200346995443	25.230429282337834	2.2751354766793388	8.61557481038012
22655.753400570644	28.625424169784079	10.651383871469003	5.4192996252905807	28.868197669762232	3.6678997460038527	8.8611725188018458
23555.753400570644	33.735064106483925	12.818550343994088	6.8577867724401464	32.870364655652516	5.5647865215123851	9.22350906225861
24455.753400570644	37.859273784726255	15.597227744853003	8.4384630477448912	37.405168155011573	6.9491603307036058	9.6973382731326865
25355.753400570644	42.697884830838362	18.9537482845723	10.018946362831555	41.574242009941571	8.61301913115845	10.231436399793884
26255.753400570644	47.490036926136732	22.400548307433539	11.852585359299548	45.15229702357621	10.694903366610012	10.940490382491928
27155.753400570644	51.559736952501112	26.301543533333913	13.608070455583222	48.1808867069952	13.203094503715048	11.996703691890268
28055.753400570644	54.678651600693108	30.743568560269605	15.520142921219655	50.101799054896141	16.186327245845078	13.293758373675173
28955.753400570644	55.525882869503157	35.33862466259631	17.576686255221233	50.966221319431142	20.06862193425783	14.48982598284339
29855.753400570644	55.96608005184428	39.163101316913284	19.970181503423834	50.160732622206822	23.698217545294341	15.695210130183247
30755.753400570644	54.944430320362741	42.909456719840996	22.777839273703105	49.419089465669174	27.935579156807272	17.029638152155957
31655.753400570644	54.895798695130004	45.341098557557473	25.821782832492396	49.2998797951528	33.007654114235308	18.630332439169532
32555.753400570644	55.127320261389841	47.201628938625973	28.925372946848086	49.429365277257631	38.6035714705865	20.404103534682083
33455.75340057064	53.356798082203674	48.7570668679228	32.400554698721727	49.302407726133765	43.817580685526636	22.402383501330394
34355.75340057064	53.259729181890293	50.11961763358768	36.228367871301636	48.888276992955369	47.984104025846463	25.434364010469583
35255.75340057064	53.26650218855599	51.041736734211831	40.28727006677147	48.239105722270388	50.367515903904646	27.977516197180204
36155.75340057064	52.996521312302377	51.766659251312987	44.16898695687815	47.181481699006262	51.528226983360156	30.610129659238471
37055.75340057064	52.361128890965254	52.808454582900907	48.201635976333925	45.581792946696737	51.407231150850713	34.212424301959885
37955.75340057064	51.070594440894816	51.963232817342281	52.331570642780754	42.861859798981691	51.056690996586347	37.881935529105
38855.75340057064	48.811624879758192	51.5049721599071	55.092111363645067	39.983671881819973	51.670396129698972	41.663373119913985
39755.75340057064	46.235867954236724	51.501094219332479	55.691096597169555	36.888826983923451	52.322405578929185	45.914299870824649
40655.75340057064	43.52585221076685	50.496351457067938	55.054122156318869	33.578809200807818	51.608848516907429	50.219462858529184
41555.75340057064	40.550746392329138	49.748754958473391	55.601012489812447	30.008090594392016	52.282217388612565	53.952961703769461
42455.75340057064	38.199115237731348	47.944892385512254	55.24947120786247	27.555590207425389	53.13393043855676	57.294036681414404
43355.75340057064	36.463476027194233	45.8074195079469	55.268224348705942	25.266041475197088	53.2005547912637	59.435466023974307
44255.75340057064	34.804047863374372	43.392835104720625	55.467171169717162	23.872161783213024	51.833229299216235	60.929616600724145
45155.75340057064	33.055920362287942	39.9463544882394	55.098736414983442	22.549123498650211	49.653398363104372	61.905345318695034
46055.75340057064	31.027828184949691	36.571516029179975	53.685176489218932	21.495233168465266	46.130307603231287	60.407197230673958
46955.75340057064	29.044779379179889	33.388418099689474	51.973868744554316	20.830606691929987	41.474886187946012	60.55583459048254
47855.75340057064	27.351173480560281	30.615920298186381	50.637121007830793	20.354639217902459	38.065628509034006	60.250081304668761
48755.75340057064	25.754646838299244	28.039732088249874	48.874820219228937	19.811430105435861	34.468312897317112	59.872158376705507
49655.75340057064	24.389963487045375	26.336227852046807	47.564377864261587	19.423761268311402	30.620268170780342	59.8299494468165
50555.75340057064	23.176947041806525	24.8426308683053	45.777290684612893	18.762093132885582	27.577286748527044	59.402429116818659
51455.75340057064	21.971615740826394	23.220599307221843	43.570740884173354	18.02297352597671	25.146416984035813	58.966741790089863
52355.75340057064	20.958072144278162	21.852383937334956	41.26435965596248	17.212279488360384	23.243912199211593	58.10965250921862
53255.75340057064	19.944716184879688	20.516516762391252	38.80905177472718	16.594568217388655	21.581419326530995	56.4969013983891
54155.75340057064	19.059287757105729	19.374282131413882	36.282393343468556	16.0315491995852	19.789242298077276	54.216614867053536
55055.75340057064	18.208934110162751	18.323413855508282	34.210801249120586	15.733809236918178	18.167262750322617	50.774599845621779
55955.75340057064	17.473001974805982	17.412811135786253	32.305101896588788	15.520887397651775	16.928597731303842	46.689693501270646
56855.75340057064	16.790039499324351	16.563582978357683	30.494409747276354	15.398284353597015	15.99242414528843	41.778028136988183
57755.75340057064	16.230241775513925	15.795090019924789	28.957838240921028	15.172563440628457	15.250776928066742	37.872102170657165
58655.75340057064	15.710162058864528	15.103763421465724	27.5660175750311	14.959630477347682	14.713152113640462	35.337059416533094
59555.75340057064	15.263120513005864	14.450701540655318	26.267376361866749	14.814968798872219	14.290239213282554	33.159711406872532
60455.75340057064	14.838089586985582	13.868115271176126	24.649123294241338	14.581504474361884	13.940275389455607	31.319092455276458
61355.75340057064	14.462422192103645	13.292155386320811	22.93610060995718	14.358573579669661	13.621938053998964	29.527373722738687
62255.75340057064	14.076120632635014	12.783403935380765	21.375684495431724	14.177382460581816	13.359514761682592	28.071973246489758
63155.75340057064	13.740341599191519	12.313160130394431	20.156037105456598	14.034510448604243	13.13092532913727	27.112776214853625
64055.75340057064	13.415550512295964	11.908350216052087	19.338629365043296	13.865474822633448	12.903166329410286	26.537497145760231
64955.75340057064	13.099656181502622	11.537590358549888	18.71099946007044	13.745528072718846	12.745303945084128	26.053852452706316
65855.75340057064	12.825117599896725	11.19904510616375	18.221847697812827	13.695815848819313	12.560848069797064	25.635685339282105
66755.75340057064	12.568527213928112	10.89558572439903	17.642981512140423	13.587769583471998	12.379917609724013	25.281762927436606
67655.75340057064	12.341248087009475	10.611925036834078	17.195829395781107	13.467908740490241	12.193672707431372	24.940061707245128
68555.75340057064	12.115207627854154	10.346252907909268	16.738159453122137	13.389168991175378	11.984633020830584	24.583448939954632
69455.75340057064	11.92975481354638	10.115816967628309	16.187677594265626	13.279200575828616	11.743018778962465	24.259738687820196
70355.75340057064	11.750804328315585	9.8995292443878586	15.65561695794352	13.162321605830179	11.500571725782347	23.994475436948726
71255.75340057064	11.592208670943569	9.743678171445497	15.211127696823876	13.017846879231229	11.272149174080477	23.741306961065678
