Time	B2	B3	B4	B5	B6	B7	C2	C3	C4	C5	C6	C7	D2	D3	D4	D5	D6	D7	E2	E3	E4	E5	E6	E7																								
3073.694469	-2.089445949	-2.078928231	-2.943536734	0.205683405	-0.223221814	-5.246900239	0.553239035	-0.707475425	-3.116067883	-1.445696578	3.189897004	-4.018272671	-0.450873203	-6.712572666	-1.705011253	-2.383674448	-2.335128507	-2.652450802	1.634962944	-2.73806456	-1.824344996	-5.800422476	-6.028897403	-1.413027438																								
3973.694469	-1.707473364	-1.789413991	-1.895896173	-0.338796281	0.751293949	-3.720757131	0.392691326	-0.750492787	-1.953913135	-1.234897011	3.573990822	-3.277714142	-0.030964727	-5.702632347	-1.563734408	-2.178839957	-2.292383213	-2.609737053	1.302267979	-2.074984246	-1.548060358	-5.156482715	-4.707695341	-1.866661556																								
4873.694469	-1.382359174	-1.601178873	-1.247860238	-0.567886207	1.286826292	-2.673206852	0.49399657	-0.739688615	-1.210311029	-0.96817288	3.78040811	-2.745738768	0.291860308	-4.777269371	-1.434929642	-1.992507396	-2.139618929	-2.545256163	1.188191529	-1.564108238	-1.295623261	-4.57289509	-3.729340741	-2.056738086																								
5773.694469	-1.140648019	-1.485792372	-0.88856454	-0.641968389	1.618405372	-1.993210312	0.637431494	-0.714399757	-0.773894319	-0.693638713	3.853494119	-2.353502082	0.569229468	-3.911455262	-1.359470822	-1.849519915	-1.946484464	-2.486283955	1.24521572	-1.209530993	-1.105392862	-4.10281835	-3.074229727	-2.197187286																								
6673.694469	-0.934945674	-1.396681668	-0.671011792	-0.625582904	1.795791766	-1.505621082	0.80659865	-0.678521138	-0.508401196	-0.413128033	3.891909779	-2.071369381	1.105684961	-2.987327825	-1.297775957	-1.666267605	-1.783651167	-2.410765488	1.43070763	-0.896560456	-0.945167257	-3.653772293	-2.601130152	-2.278958033																								
7573.694469	-0.765425335	-1.292641999	-0.551077471	-0.576169729	1.94314147	-1.182137117	1.062878742	-0.616897201	-0.30443367	-0.173811054	3.880980012	-1.884696593	1.775697056	-1.886010293	-1.210031157	-1.530538341	-1.641411585	-2.351547102	1.736144045	-0.643587346	-0.857961126	-3.317388276	-2.231108993	-2.303212261																								
8473.694469	-0.568463163	-1.241546699	-0.452077104	-0.468816852	2.042475255	-0.953584287	1.435108369	-0.496572364	-0.154268688	0.150751489	3.883143955	-1.72714385	2.593653621	-0.569965595	-1.135958428	-1.330569539	-1.520572552	-2.333199209	2.217131376	-0.43778522	-0.810857089	-2.929142573	-1.944131674	-2.320142713																								
9373.694469	-0.327721947	-1.173413442	-0.343875166	-0.328382137	2.096302126	-0.745194442	2.034667339	-0.370534081	-0.014315702	0.521643287	3.88384164	-1.607287927	3.534660212	0.797172513	-1.04659755	-1.033936971	-1.427801486	-2.269190782	2.995979045	-0.193598205	-0.700743059	-2.5130733	-1.733316297	-2.338043795																								
10273.69447	-0.038689517	-1.084868106	-0.272456798	-0.096120896	2.175085872	-0.605271807	2.918756716	-0.213705335	0.10106062	1.088692124	3.886120127	-1.48476669	4.703265691	2.296199717	-0.936518381	-0.655311173	-1.336587609	-2.217653111	4.207002616	0.071693288	-0.648551093	-2.001229535	-1.521282834	-2.363709579																								
11173.69447	0.390585146	-1.023449163	-0.207101932	0.266374851	2.243966123	-0.4803409	3.803517189	-0.027425488	0.232561823	1.854293951	3.92233924	-1.38269445	6.115412794	3.883442103	-0.814777322	-0.012002375	-1.218734601	-2.18024088	5.436156683	0.384509012	-0.588130101	-1.314664015	-1.31845731	-2.364477113																								
12073.69447	1.003647505	-0.931034283	-0.129687567	0.87317874	2.336262996	-0.382909862	4.791123162	0.238633524	0.39639549	2.936653156	4.018327961	-1.30317192	7.314552119	5.648448764	-0.640632777	0.980209342	-1.090064561	-2.121864009	7.060714434	0.8422527	-0.449373859	-0.310391044	-1.129349721	-2.344618017																								
12973.69447	1.824483687	-0.795316973	-0.01141843	1.836150137	2.480258779	-0.261009578	6.049482637	0.595191582	0.564549948	4.05758367	4.152814136	-1.198149883	8.727949881	7.523324644	-0.418074239	2.115522305	-0.940959678	-2.080273251	9.103194854	1.448364114	-0.278481128	0.983123363	-0.859164495	-2.3006233																								
13873.69447	2.856100148	-0.61257594	0.137956357	3.277773018	2.733877312	-0.14418268	7.608169294	1.092547359	0.776445604	5.37506882	4.33658822	-1.103943146	10.66901236	9.99150523	-0.152129685	3.279182555	-0.723371003	-1.959947205	11.31232565	2.269864435	-0.109934626	2.298065378	-0.577970059	-2.238633314																								
14773.69447	4.056216789	-0.404422861	0.294381807	5.201426304	2.988259804	0.002987642	9.122179856	1.737288164	1.033366442	6.880745017	4.615884421	-0.971378838	13.12121719	13.27497546	0.203538014	4.725207166	-0.475296284	-1.914183606	13.97708078	3.176412443	0.125545006	3.884416846	-0.20936561	-2.167384479																								
15673.69447	4.783924616	-0.190924541	0.49441538	7.139213989	3.388182407	0.113654242	10.83421286	2.58774576	1.306501807	8.602337346	5.040809329	-0.842706753	16.66358105	17.78628436	0.667794286	6.453218105	-0.144206238	-1.82613275	16.79520251	4.295465026	0.457581908	5.747629273	0.225384533	-2.087341797																								
16573.69447	5.505527775	0.089810819	0.679176206	9.012398405	3.958556434	0.233201182	12.8526179	3.606723502	1.63647892	10.521466	5.6183451	-0.741561134	21.48057494	23.03795026	1.270068718	8.515852953	0.320309916	-1.705645371	20.10872716	5.456642837	0.806963309	7.547967546	0.870016335	-1.996812308																								
17473.69447	6.439278804	0.39210997	0.891666052	11.19264481	4.724057609	0.376852645	15.12914857	4.871592036	2.052054781	12.55599565	6.493012042	-0.603189306	27.49435244	28.2883939	2.026803023	10.81609489	0.899626696	-1.638278506	24.17800975	7.057560639	1.2152492	9.230704923	1.724978519	-1.873423317																								
18373.69447	7.505882975	0.765251581	1.107910335	13.89141651	5.79606278	0.553770973	17.62640311	6.268162417	2.531667723	14.90025105	7.535725595	-0.471667199	32.32353322	33.68637015	3.003355528	13.43377939	1.733385281	-1.492183738	28.58496315	8.821336277	1.820942427	11.62823917	2.83192594	-1.730103211																								
19273.69447	8.902479804	1.25938646	1.370357074	17.23879293	7.019946119	0.785476693	20.09077618	7.765057155	3.087709202	17.27036676	8.576704128	-0.32903932	36.66439083	38.72142461	4.337814998	16.22421314	2.870435747	-1.361938758	33.42179907	10.83443237	2.646108578	14.60486408	4.182567854	-1.513010861																								
20173.69447	11.12995749	1.898877573	1.686562698	21.33864346	8.587526477	1.045422357	22.72578499	9.284711069	3.858699542	19.72344035	9.721784325	-0.133911594	40.57917344	43.03591896	6.018343725	19.39495234	4.219426149	-1.190822324	37.66154375	13.09737536	3.827044586	17.96406388	5.578696963	-1.220889642																								
21073.69447	14.04668509	2.772962917	2.058392301	25.87740945	10.78596507	1.437748217	25.53631736	10.92217999	4.761353714	22.29803809	11.03068333	0.105911495	43.23112304	46.29444675	7.682500844	22.61590091	6.03811327	-0.97529418	41.26268836	15.70478114	5.351456281	21.17828738	7.091955399	-0.774129432																								
21973.69447	16.45836725	3.979552913	2.484695116	30.43375135	12.94480705	1.998054307	28.41190886	12.78140103	5.73857463	25.20268136	12.46427545	0.433273089	45.02653792	48.30858706	9.084505272	26.10847267	8.302460661	-0.643288171	45.09375038	19.64596641	7.083248775	24.06504587	8.78676704	-0.2106738																								
22873.69447	18.86048667	5.57402876	3.017626685	34.96366668	14.63816003	2.621883146	31.96804455	15.06184661	6.843682144	28.29304381	13.99853252	0.928027739	46.5629007	48.0829985	10.79623162	29.58026346	9.945054979	-0.203426445	47.04836137	23.39199395	9.049953966	26.92937007	10.54114807	0.442648706																								
23773.69447	22.45373671	7.214187692	3.636102287	39.25386629	16.97177572	3.099907879	36.08283012	17.81892465	7.990013385	31.79080961	15.95267232	1.60839478	47.78973803	47.00186376	12.73489785	33.99071888	11.78480606	0.376733723	48.04651848	26.60982766	10.71545801	29.79011288	12.78585228	1.214844507																								
24673.69447	24.99928824	8.67309866	4.371084856	42.93170702	19.63047171	3.859845716	38.59457375	21.01386434	9.494222658	35.74680417	18.43176014	2.727925524	47.93330433	45.59848137	15.23956915	38.67071787	14.7531914	1.364904346	49.03530736	31.57310124	12.9942015	33.32245514	15.46445395	2.098422471																								
25573.69447	28.32973376	10.12881235	5.209630841	45.77828955	22.83060495	4.924811433	41.55506102	24.78995995	11.35317416	40.38797165	21.50167823	4.032372545	48.07734936	44.51551158	18.60725656	41.98821627	18.74036715	2.625974854	49.41295399	36.07843989	15.74613271	35.96149665	18.35352119	3.068411034																								
26473.69447	31.25168511	11.78311068	6.131278942	47.61595109	26.24466682	6.12712863	44.07848854	29.31296395	13.69724516	44.33889437	24.61804862	5.367360529	47.14991584	43.58277222	22.11775188	44.62095946	22.769183	4.030797092	48.60000452	41.8155137	18.6984768	38.15801382	21.815184	4.305681194																								
27373.69447	33.83650656	13.7266045	7.141564783	47.52072338	29.99928527	7.364758969	45.01972838	33.34824738	16.40111624	45.51114309	28.19056356	6.830834721	45.90370151	42.75753952	26.15179274	44.80136791	27.65041171	5.590307635	48.23120526	44.96612749	21.76020466	39.34887715	25.59723851	5.827185082																								
28273.69447	36.71789514	15.85740491	8.248142018	46.78997984	33.52328482	8.663600753	45.3068293	35.67544975	19.06203675	46.27282513	31.8499897	8.365020652	46.11307982	42.13305383	30.88975282	45.70589126	33.18519282	7.278835487	48.81075316	49.08638769	24.82670678	39.90581052	29.67090011	7.584514784																								
29173.69447	38.37532204	17.88851644	9.563670754	45.23974024	36.9914726	10.13710282	45.97821276	38.88031106	21.87171153	46.86111626	35.84071736	10.07424944	45.91103976	41.51140579	35.846742	45.95078538	39.35063814	9.361623002	48.97250638	51.19573991	27.8304348	39.71736002	33.57354081	9.543503408																								
30073.69447	39.88779991	20.19434789	10.94585272	43.54164805	39.81853537	11.82374689	45.12401542	41.47968845	24.74315009	46.40953054	39.18797138	11.9971104	45.34358134	40.89705835	40.58335661	45.71625101	44.8403208	11.59963921	48.43834714	55.09146945	30.89548627	39.27905357	37.43459977	11.8609848																								
30973.69447	39.96062498	22.35797026	12.4256345	42.05415368	42.40323666	13.67823092	44.70169755	43.8830315	27.46660537	46.55281651	42.06049211	14.2436858	44.33211823	39.85760205	44.59457645	45.51745218	47.38276778	13.81656484	46.83158627	56.32613907	33.77225256	38.04047526	40.69273742	14.28436079																								
31873.69447	40.39610097	24.65655687	14.09028204	40.93730214	44.23831997	15.76693635	44.26172206	45.54871391	30.66377586	46.4526376	44.46567217	16.81378735	42.72486941	38.12733681	47.71709528	45.33262926	48.81464251	16.08653219	45.42359641	56.96137379	36.482929	37.2627236	43.12996734	16.68916831																								
32773.69447	39.75364681	27.1424621	15.81340758	39.86422829	45.76676377	17.87823979	43.26969463	46.67954778	33.46207251	46.09142258	46.57961656	19.7021732	41.23958696	36.18542909	49.77947093	44.7841539	48.71709891	18.35929627	43.62453947	56.29962175	39.0264757	36.36196476	44.82729589	19.46035651																								
33673.69447	37.5221509	29.71053992	17.58350167	39.22824493	46.11613159	20.16451081	42.29986081	47.16874299	36.22961979	44.8855159	47.78587411	22.84639416	39.39440121	34.27871375	50.33941874	44.3182676	48.34063753	20.76103749	42.2421739	56.05594317	41.4822434	35.68494253	45.60030371	23.04328629																								
34573.69447	36.99729476	32.16091426	19.36466717	38.42083146	45.75736347	22.60651196	41.70841732	46.41163584	38.61712873	44.14162146	49.06048242	26.07153923	36.90968108	32.37354326	49.33262952	43.83658384	47.39779219	23.25294825	40.82329556	56.52196973	43.61501517	35.08791678	45.3960906	26.51610412																								
35473.69447	37.65750421	34.76437832	21.49591544	37.57861979	44.48952106	25.39738311	41.09509448	44.59693683	40.79209432	43.12056141	49.298	29.15545676	34.48200343	29.41969652	47.4200659	43.27326142	45.77723392	26.07946294	40.08262263	53.84513182	44.8273858	34.74572841	44.60966627	29.90443397																								
36373.69447	37.41332922	36.86566313	23.62942674	36.68884034	43.54148977	28.3323087	40.3183482	43.01135302	42.64107736	42.22968672	49.08611197	32.39529413	31.17838446	26.47140333	46.70928204	42.68725142	45.26738281	29.10228752	37.9964061	52.33184916	45.42818244	33.85791226	42.87145148	33.31870921																								
37273.69447	37.09546408	38.55591046	25.91045592	35.94978387	42.38941326	31.37993942	39.56510676	41.52563303	43.88676311	40.98894314	47.72327712	35.79676814	27.92833153	23.80765269	45.1182148	41.69130356	44.30934497	32.75299883	36.64106475	48.02177913	46.06223916	33.49928933	41.92797551	36.86417926																								
38173.69447	36.83456881	39.68604104	28.62360619	35.46311041	41.50598972	34.47741287	38.5171958	40.14623812	45.00005798	39.77591664	45.97422869	39.36920068	25.08525415	21.28474995	44.48097605	40.80397633	43.05960934	35.22412766	35.13375942	46.74004041	45.5687756	32.84120382	40.91902792	39.36004235																								
39073.69447	35.83620347	40.26411874	31.26091118	34.13317002	40.79785839	37.5937492	37.49933603	39.73084657	45.41156408	37.70669897	44.89301466	42.4222122	23.01509403	19.17950329	42.82221861	39.79943989	42.13051277	37.5847208	33.8569612	44.24630146	44.41377203	31.89181686	39.93968559	42.00240804																								
39973.69447	34.93142805	40.44683761	34.4405468	32.82875582	40.12684601	40.0774182	36.15870455	38.06127933	45.00017408	35.8588631	43.59769845	44.16083704	20.89390785	17.55633137	41.62418337	38.70136937	41.38463084	39.15766055	33.04139155	41.99098234	43.2619608	31.15262032	39.14237214	44.01806186																								
40873.69447	34.34262382	39.80409024	37.30033769	31.7030288	40.14781004	42.09811512	34.902416	36.43198409	44.38971822	33.98993674	43.59168219	44.6460471	19.05745314	16.25153322	40.59929656	37.64665642	39.85668207	39.69813533	32.71468232	39.55291954	42.7247353	30.42254617	37.97870947	45.59882784																								
41773.69447	32.66502743	40.36590392	38.80478814	30.14878317	39.32678556	43.71010827	33.42209923	35.33644334	43.21746109	32.03719265	42.1393715	45.14886788	17.62118835	14.95088154	39.330844	36.64759921	38.00554438	39.87365037	32.31382826	36.67872974	41.73760438	30.01953811	36.88352016	46.07905368																								
42673.69447	31.37389911	39.53757842	39.21318832	28.77417473	38.7800929	43.62253276	31.52382513	34.23263348	41.76256681	30.18786751	40.09610395	44.73430299	16.5004957	13.87041145	38.05428141	35.26799431	36.29219504	38.89058168	32.17504824	33.51290036	40.34713707	28.97135457	36.10812965	45.4214309																								
43573.69447	30.06210369	39.49309299	39.71744099	26.79689846	38.23575987	43.64958504	29.7930721	32.71332646	40.37012784	28.38521313	38.82368278	43.85871843	15.48877533	12.91685096	36.57606791	33.59317412	34.77069125	38.49763	31.59789349	30.01159772	38.80061232	28.21236442	34.69979715	43.95430576																								
44473.69447	28.69608839	38.90893545	40.47589235	25.30075783	37.66201175	42.7743222	27.98398287	30.91876533	38.828042	26.2886441	37.15843929	42.80169339	14.65915581	12.04422439	34.25534649	31.75199589	32.9617381	37.93550899	31.22651645	27.42675268	37.54638039	27.41208248	33.78857159	41.59858604																								
45373.69447	26.36396618	39.28487316	40.50376934	23.48151769	36.67244877	42.26279536	25.96090164	29.72085428	37.78805398	24.33526199	35.00953226	41.57073213	13.84549336	11.25243613	32.58489684	29.83957515	31.15909831	37.51754194	30.81500583	25.07967456	35.95438911	26.2631409	32.6465598	40.33041534																								
46273.69447	24.02494933	39.27263853	40.90365806	21.74019971	35.97357357	41.93336915	23.81880188	28.12432568	36.46797149	22.48980952	33.28232207	40.33555136	13.13758767	10.512191	30.61675499	27.45922077	29.55392384	36.47960672	30.20774871	22.89029549	34.38967527	25.33062828	31.66061238	39.05819262																								
47173.69447	21.77188197	38.91520948	41.10987457	20.33238359	34.60940451	41.13071356	21.63829581	26.28379425	36.12156727	20.82701667	31.50083641	38.88942064	12.38808266	9.765263909	28.28054622	25.40074037	28.07068015	35.49377379	29.30814852	21.47310793	32.89944791	24.48308644	30.6245733	38.22878047																								
48073.69447	19.91572157	38.19219233	40.89463694	19.18333748	33.26641898	40.38207525	19.6588559	24.62863547	33.48978728	19.19511432	28.64185613	37.9218419	11.76453566	9.077883542	25.76862123	23.20898197	26.29404416	34.83356943	28.19943756	20.44255883	31.10811962	23.62528935	29.74851558	36.58137559																								
48973.69447	18.29792326	37.53206385	39.85161378	18.20444432	32.38376286	39.78631979	17.83476751	23.07726101	32.3983393	17.90703821	26.42818907	36.76776403	10.98826585	8.454732713	23.63614665	21.04379449	24.84755914	33.6616208	27.09983421	19.64492642	29.34975198	22.50755004	28.84817055	35.68920709																								
49873.69447	17.17856095	36.70602298	40.3931953	17.44156077	30.75508552	39.01135493	16.22602398	21.29087499	31.37810239	16.84401429	24.42077048	35.29806396	10.41498098	7.915510062	21.5611743	19.55927787	23.44102532	33.27488065	26.15729143	18.96637349	27.336212	21.31536228	27.77473802	33.55799976																								
50773.69447	16.28151814	35.96434979	41.1904006	16.60878158	28.68818111	38.15176747	14.95162257	19.06245878	28.75073337	15.85901266	23.00471422	34.23950787	9.844449468	7.389159571	19.63199031	18.72463131	22.16851619	32.48583116	25.40716955	18.3338486	25.52628304	20.54194338	26.76641387	31.66866109																								
51673.69447	15.39238415	34.84781945	41.25644287	15.762223	26.37544001	37.22098244	13.95684697	17.78290797	27.40490974	15.0216922	21.65410448	33.14663695	9.43144593	6.962716729	18.08517666	18.21208449	21.11640965	31.47868463	24.87147238	17.80852254	23.78324803	19.80664868	25.68576393	30.34296459																								
52573.69447	14.48558583	33.77322993	40.78101849	14.99402415	24.59683216	35.76952993	13.19313083	16.33774639	26.30587012	14.31193516	20.44495788	31.88062563	9.028937846	6.580470944	16.85315423	17.91332181	20.322126	30.36166899	24.4092626	17.36260055	21.95520936	18.96708453	24.4957983	29.39630702																								
53473.69447	13.51919686	32.44077379	40.6483774	14.35730648	22.64739244	34.80086357	12.56881605	15.24552061	25.35490057	13.639178	19.68616695	30.34531286	8.678765891	6.18636818	15.57102932	17.44280732	19.6154598	29.66460076	23.96704831	16.94819299	20.06154479	17.96539936	23.20465375	28.06978451																								
54373.69447	12.57581167	31.14419369	40.62806489	13.96334536	20.99997679	32.94620214	12.08199443	14.59158479	24.04903618	13.00583271	19.3771622	28.98119645	8.391260249	5.919825427	14.47248021	16.88084558	18.81281364	28.85329629	23.42235247	16.66181815	18.46116491	16.90653742	21.80038658	26.66949514																								
55273.69447	11.72659989	29.50875207	39.42825745	13.66100766	19.65116055	31.55919713	11.59004865	13.45122364	22.53006568	12.44591157	19.14675739	27.19588295	8.098197095	5.647688755	13.51588954	16.22995478	17.93618167	27.82364405	22.77909503	16.39619072	16.8865572	15.91571816	20.16368354	25.4283825																								
56173.69447	10.99954388	27.90827948	39.16129391	13.36262244	18.44418198	29.36027842	11.1207169	12.6008868	21.39000184	11.98022045	19.14186778	25.35034647	7.832233156	5.395613594	12.7258292	15.56211946	17.05230967	26.94169387	22.16279065	16.22600917	15.94645119	15.09378645	18.27081977	24.09552428																								
57073.69447	10.33786044	26.22163901	38.636144	13.06098414	17.36873033	27.30286107	10.64950689	11.92269906	20.25149028	11.5752148	19.10784961	23.63836359	7.58720502	5.191440519	12.14335531	14.82357531	16.34688928	26.09500723	21.57565557	16.07938114	15.26719148	14.2528649	16.97955768	22.95854598																								
57973.69447	9.736179725	24.38622779	37.72305054	12.75744356	16.45821718	25.05132681	10.19818087	11.31693506	19.26885568	11.21731324	19.02973964	21.70993741	7.377395117	5.018354209	11.44022823	14.11615776	15.93873052	25.44263056	20.990778	15.86158629	14.74783236	13.52625422	16.2572137	21.72491123																								
58873.69447	9.152913333	22.2523656	36.36720292	12.48375034	15.61801648	22.38036189	9.827197485	10.78277011	18.61255354	10.9002455	18.92577291	19.97712345	7.138925029	4.856685947	10.94874315	13.47891166	15.70633953	24.62340335	20.46976538	15.44987353	14.37623604	12.92138393	15.68082917	20.53574645																								
59773.69447	8.633625505	20.1093284	34.7344759	12.19758969	15.06961613	20.75042494	9.485605918	10.3652949	17.90901736	10.61524792	18.85771716	18.71175601	6.931647599	4.694239333	10.44304325	12.9655436	15.501502	23.84356908	19.94112366	14.99078839	14.03632343	12.39477073	15.03350214	19.0059055																								
60673.69447	8.199481436	18.73887552	32.80626622	11.94137099	14.78845145	19.53476292	9.207801505	9.92586726	17.25335896	10.32089937	18.98405069	17.64468764	6.743444092	4.61300286	9.997378607	12.51527485	15.28901864	23.12842087	19.43018421	14.52551613	13.78755528	11.9406386	14.41684992	17.71746028																								
61573.69447	7.81611539	17.94973885	30.42399881	11.68958221	14.48390441	18.3232503	8.946462072	9.536130306	16.21271243	10.02756709	19.16383045	16.5145746	6.578815375	4.512599648	9.482150916	12.08984652	15.10328952	21.98830571	18.977386	14.11796619	13.49013553	11.6051735	13.91490381	16.67937673																								
62473.69447	7.452784523	16.98222737	27.69099483	11.4565727	14.27947937	16.82047318	8.716905744	9.242154441	15.52750961	9.807491497	19.99082759	16.01360972	6.433028326	4.41688012	9.056251511	11.66907033	14.98488529	20.75609089	18.47884974	13.74562021	13.21911574	11.2823457	13.4495135	15.78991229																								
63373.69447	7.15528388	15.94054125	23.51919091	11.11047609	14.18406491	15.69915678	8.501686556	8.95621888	14.90374509	9.641489111	21.50994882	15.75595618	6.330200192	4.386569939	8.602401973	11.36391308	14.91107136	19.54708204	17.97355688	13.42137956	12.85899808	10.87110348	13.02189829	15.05678848																								
64273.69447	6.842591165	14.86263045	20.19105599	10.80402058	13.91842843	14.4892849	8.313380696	8.669568402	14.30546452	9.556202525	23.34301158	15.34100003	6.23056972	4.310736966	8.236705101	11.06877236	14.84577374	18.13257082	17.54614097	13.120169	12.48757532	10.50975207	12.61061107	14.24924093																								
65173.69447	6.590934528	14.09779648	19.16906937	10.6584279	13.81259224	13.59035812	8.134284166	8.460164801	13.79759049	9.551924082	25.81101619	15.0019111	6.158110795	4.270396363	7.909877818	10.81317211	14.81141842	16.59495104	17.06846434	12.83958243	12.08164411	10.16149748	12.20670413	13.47931612																								
66073.69447	6.350593542	13.40353516	18.28650022	10.56616417	13.62297565	12.93492621	7.982526143	8.236475611	13.38749385	9.441959303	26.29871086	14.54399057	6.092699721	4.277851112	7.633501121	10.597215	14.66911431	15.19368837	16.65967914	12.59625366	11.7257954	9.863362032	11.85405806	12.75029145																								
66973.69447	6.157310134	12.73792051	16.91482516	10.37342854	13.22331359	12.28595814	7.86943007	8.058511402	12.87877308	9.191407065	24.54211779	13.96080727	6.060404603	4.289538659	7.338100235	10.34429955	14.32050148	14.31627238	16.24056048	12.36445223	11.37246664	9.61126907	11.45268312	12.1449304																								
67873.69447	5.973967302	12.13998189	15.48409734	10.1826979	12.86561489	11.72198273	7.695164426	7.891712942	12.45329081	8.874620328	22.12186508	13.43672993	6.003538979	4.296896976	7.125866218	10.08753775	13.90654194	13.84228209	15.9034918	12.15050998	11.08352996	9.372240751	11.09634939	11.62040416																								
68773.69447	5.815823524	11.68379924	14.18357678	9.965122829	12.54597513	11.16875375	7.588957817	7.729907682	12.10520415	8.627327703	20.59930464	12.95772769	5.961026034	4.295182054	6.919646672	9.905167015	13.53270328	13.58138515	15.52232704	11.94939474	10.79351075	9.179639617	10.75060853	11.10856862																								
69673.69447	5.670329009	11.33658405	13.13881245	9.771630855	12.35522547	10.73601845	7.464607046	7.623121826	11.75205123	8.459706462	20.25803091	12.44824706	5.9142914	4.314160155	6.744807736	9.723602786	13.23330925	13.24377698	15.17362364	11.72450472	10.57779281	9.040303375	10.41752826	10.63181587																								
70573.69447	5.491475766	10.98199306	12.22663805	9.637484268	12.34216292	10.40244432	7.368264502	7.539803285	11.45277231	8.373435932	21.57106612	12.02139655	5.868964625	4.317602209	6.570138973	9.591412891	13.01706672	12.80543534	14.86953979	11.51403022	10.36339285	8.823133847	10.15616975	10.19855672																								
71473.69447	5.379042969	10.75219622	11.46836902	9.523784101	12.40564116	10.14767554	7.25652864	7.462559878	11.06199776	8.329123973	23.2591876	11.63847334	5.844444283	4.310430291	6.425039694	9.476946487	12.87682202	12.42843353	14.57620064	11.33089018	10.16344616	8.658883106	9.922272924	9.782854182																								
																																																
																																																
																																																
																																																
																																																
																																																
																																																
																																																
																																																
																																																
																																																
																																																
																																																
																																																
																																																
																																																
																																																
																																																
																																																
																																																
																																																
																																																
																																																
																																																
																																																
																																																
																																																
																																																
																																																
																																																
																																																
																																																
																																																
																																																
																																																
																																																
																																																
																																																
																																																
																																																
																																																
																																																
																																																
																																																
																																																
																																																
																																																
																																																
																																																
																																																
																																																
																																																
																																																
																																																
																																																
																																																
																																																
																																																
																																																
																																																
																																																
																																																
																																																
																																																
																																																
																																																
																																																
																																																
																																																
																																																
																																																
																																																
																																																
																																																
																																																
																																																
																																																
																																																
																																																
																																																
																																																
																																																
																																																
																																																
																																																
																																																
																																																
																																																
																																																
																																																
																																																
																																																
																																																
																																																
																																																
																																																
																																																
																																																
																																																
																																																
																																																
																																																
																																																
																																																
																																																
																																																
																																																
																																																
																																																
																																																
																																																
																																																
																																																
																																																
																																																
																																																
																																																
																																																
																																																
																																																
																																																
																																																
																																																
																																																
																																																
																																																
																																																
																																																
																																																
																																																
																																																
																																																
																																																
																																																
																																																
																																																
																																																
																																																
																																																
																																																
																																																
																																																
																																																
																																																
																																																
																																																
																																																
																																																
																																																
																																																
																																																
																																																
																																																
																																																
																																																
																																																
																																																
																																																
																																																
																																																
																																																
																																																
																																																
																																																
																																																
																																																
																																																
																																																
																																																
																																																
																																																
																																																
																																																
																																																
																																																
																																																
																																																
																																																
																																																
																																																
																																																
																																																
																																																
																																																
																																																
																																																
																																																
																																																
																																																
																																																
																																																
																																																
																																																
																																																
																																																
																																																
																																																
																																																
																																																
																																																
																																																
																																																
																																																
																																																
																																																
																																																
																																																
																																																
																																																
																																																
																																																
																																																
																																																
																																																
																																																
																																																
																																																
																																																
																																																
																																																
																																																
																																																
																																																
																																																
																																																
																																																
																																																
																																																
																																																
																																																
																																																
																																																
																																																
																																																
																																																
																																																
																																																
																																																
																																																
																																																
																																																
																																																
																																																
																																																
																																																
																																																
																																																
																																																
																																																
																																																
																																																
																																																
																																																
																																																
																																																
																																																
																																																
																																																
																																																
																																																
																																																
																																																
																																																
																																																
																																																
																																																
																																																
																																																
																																																
																																																
																																																
																																																
																																																
																																																
																																																
																																																
																																																
																																																
																																																
																																																
																																																
																																																
																																																
																																																
																																																
																																																
																																																
																																																
																																																
																																																
																																																
																																																
																																																
																																																
																																																
