Time	B2	B3	B4	B5	B6	B7	C2	C3	C4	C5	C6	C7	D2	D3	D4	D5	D6	D7	E2	E3	E4	E5	E6	E7
3074.906883	11.46589561	-0.747944495	8.565935955	-8.506735006	-3.631676994	-0.965028494	8.289409298	-7.697501222	-2.45107672	1.03068118	-0.384376689	0.79291921	-3.734866493	1.70426906	3.456572143	2.027759397	1.002267386	7.074390423	-0.094055311	-0.043303291	2.391153952	-3.928868852	0.464553412	-0.422242849
3974.906883	10.93405283	-0.69980897	8.051765487	-8.134505133	-2.583436595	-0.963459857	8.021725446	-6.483079283	-1.850291903	1.179023652	-0.701009859	0.363021043	-2.925863122	1.808521172	2.63848979	1.594871098	0.710915668	6.032071493	0.34943562	0.540109792	2.390562447	-3.165163204	0.369515472	-0.724183861
4874.906883	10.53522847	-0.61599148	7.705983154	-7.560922717	-1.860155191	-0.984485253	7.783824966	-5.489700192	-1.166007079	1.474246028	-0.841499214	0.141727949	-2.368822553	1.774294195	2.120344331	1.246345489	0.561160683	5.354960466	0.639373705	0.795424835	1.968559038	-2.82729441	0.263948009	-0.887289887
5774.906883	10.23649299	-0.615751206	7.478177519	-6.898760483	-1.388084942	-1.000859266	7.557340747	-4.956983142	-0.589158522	1.731049074	-0.946432941	-0.078525762	-1.931385905	1.647269273	1.757231149	1.123685865	0.467720881	4.921037778	0.979415284	0.932471446	1.649228873	-2.522544988	0.180467168	-1.089110696
6674.906883	10.12232527	-0.568244051	7.340125026	-6.273199379	-1.087197017	-1.02282815	7.384844241	-4.525166581	-0.151327894	2.003404613	-1.005886623	-0.23329479	-1.521083765	1.523650994	1.510663215	1.24509715	0.412115412	4.584325156	1.454250247	1.018579974	1.446372418	-1.946226869	0.200453553	-1.158931671
7574.906883	10.30311156	-0.477316272	7.193998112	-5.586651847	-0.802900113	-1.031653356	7.281404164	-4.043469194	0.265991064	2.460070381	-0.98535877	-0.329158219	-0.965545832	1.522751162	1.358794741	1.595981716	0.424625386	4.375902019	2.311418627	1.141628619	1.318091685	-1.104599207	0.262452451	-1.174564401
8474.906883	10.84181881	-0.330777288	7.135886064	-4.656589383	-0.575902735	-1.001728478	7.321243122	-3.720584411	0.535826005	3.181237524	-0.917682691	-0.428740112	-0.1987575	1.538145461	1.289425739	2.313391118	0.524692945	4.18589265	3.726469685	1.32117398	1.267048884	0.173961257	0.369302564	-1.146530559
9374.906883	11.9896443	-0.11914451	7.137479352	-3.381254333	-0.295525129	-0.982445085	7.534048867	-3.432619202	0.869623898	4.324531088	-0.732285911	-0.472485324	0.922934907	1.621652133	1.272895526	3.537902752	0.711081314	4.074891412	6.091239035	1.644761183	1.341123079	2.129353959	0.593060981	-1.125893499
10274.90688	14.05516818	0.25548515	7.19633701	-1.545896582	0.038602686	-0.920216771	7.930188944	-3.11289249	1.33461788	6.175495958	-0.438658639	-0.465959232	2.631858443	1.875404856	1.353631844	5.561715991	1.015908904	4.003632682	8.299033314	2.175314984	1.494289158	4.199439645	0.953702823	-1.016004956
11174.90688	15.94283799	0.813292856	7.422097384	1.23306215	0.446666529	-0.795333395	8.676525567	-2.717203618	1.84812029	9.005301663	0.055070766	-0.381251903	5.143918725	2.24790031	1.599547248	8.406385842	1.529296597	4.007010308	9.26007994	2.909347828	1.647090469	5.428810321	1.48202568	-0.895407924
12074.90688	16.50845554	1.505472623	7.678473283	4.83011627	1.041140247	-0.615836175	9.751617184	-2.258698332	2.32679376	11.03589728	0.746504032	-0.236216702	7.128358124	2.82825451	1.786342882	10.17613592	2.182537872	4.032642885	12.38430623	4.143689853	1.913242043	7.881030066	2.362949989	-0.693579422
12974.90688	18.81617362	2.606196481	7.885361179	5.446794291	1.677912159	-0.447446972	11.42697872	-1.746338468	2.720052592	11.71544129	1.693205396	-0.050304663	8.701018587	3.609503085	2.053221938	12.23046236	3.196723098	4.154129457	16.45345967	6.067813772	2.244213928	9.563120743	3.688630758	-0.40683106
13874.90688	21.71751392	4.265981578	8.206241269	9.289081869	2.692927146	-0.213824776	13.65930602	-1.127639742	3.165408225	14.73200921	3.165621861	0.204650042	11.46041733	4.74331289	2.401678147	15.26560767	4.763125975	4.338420919	20.88392827	8.629536003	2.684568141	11.87264337	5.83105866	-0.046649414
14774.90688	25.1260869	6.698372937	8.704037617	13.13605799	4.12363158	0.051095066	14.8864876	-0.475661672	3.721453921	19.71908309	5.169050392	0.58439236	14.67646099	6.471787212	2.930369008	19.75960575	7.192706497	4.637119044	26.57576871	10.69657953	3.329200519	15.78991713	8.569412282	0.43011281
15674.90688	29.2127319	9.054739841	9.325631435	17.79076363	6.180801682	0.42436742	15.79892998	0.40739454	4.289410829	24.04419909	7.392002639	1.092073789	17.93134161	8.622965592	3.57338877	24.7222348	9.384613368	5.033557766	33.30608744	13.35948624	4.267512581	21.20561088	11.19707466	1.11446172
16574.90688	33.66776131	10.98368665	10.12959003	22.77075087	8.376192453	0.84175991	17.51374195	1.444455209	4.895676171	29.52807965	8.961265684	1.705692533	20.77945823	9.850324314	4.34184955	29.9333961	11.16693436	5.653620452	40.68575007	16.76440082	5.523867227	27.09896026	13.97102741	2.155723109
17474.90688	38.37317456	13.06978213	11.23360802	28.82492477	10.1617959	1.387067446	19.62687235	2.844004185	5.553354047	35.83966059	10.99240741	2.605800857	24.36360259	10.71023221	5.249854761	35.06765934	12.7972952	6.527199761	44.77542965	20.55185025	7.344121465	33.92707326	17.05013969	3.718286922
18374.90688	42.93682643	16.23498106	12.82494274	36.00000224	11.36199531	2.093035594	21.92779873	4.816491667	6.322312774	42.87757804	14.51116811	3.695302793	27.91767174	12.8933551	6.505689191	40.55293119	15.94881803	7.799343955	48.69819817	25.63934236	10.00415943	40.44192025	21.59421716	6.118328533
19274.90688	47.06651911	19.68344515	15.06944911	43.24205906	14.08382286	3.051996535	24.88988276	7.077312604	7.267937396	50.106141	19.25193372	5.186440082	31.38743789	15.32138965	8.206942729	45.4470409	19.84040697	9.39965867	51.34132727	31.31711696	12.63659597	45.58422538	27.18142343	8.278486341
20174.90688	50.51360986	23.77687025	17.24225331	49.82791692	16.9368124	4.510065164	28.34482591	8.547609907	8.176610189	56.2204916	23.24792987	7.049465556	34.13434816	17.74896496	10.06884118	47.72869961	24.0694229	10.85512666	54.3052329	37.31939424	14.92140813	50.76604544	33.35118783	10.87610168
21074.90688	53.17244556	28.7635494	19.38570598	54.39692897	20.25638794	6.215900574	32.2594972	9.855740181	9.235958446	62.96579728	29.15654129	9.127985438	37.03217764	20.45194568	11.61954585	48.48046602	28.28455108	12.24271292	56.97372559	44.13794541	17.94256309	55.47521252	40.10423391	13.69687724
21974.90688	55.00076324	33.80321202	21.67307945	58.54029823	23.45137015	7.772374014	37.35433682	11.6712116	10.36255131	65.87305007	34.35774932	11.1063066	38.95313416	23.70857546	12.9904039	48.88537542	33.06822913	13.76234083	57.36158777	49.35064527	21.09914322	59.66201818	45.92760206	17.25914639
22874.90688	56.01575496	38.11835678	24.40854847	60.41641227	27.29987176	9.200279393	41.58763951	14.02556334	11.68437812	67.13588934	39.97553699	13.91153159	40.13519857	27.04099444	14.4391499	48.59637392	37.81599844	15.97552997	57.58878343	53.78371127	25.02380458	62.25666514	50.83699133	21.36108623
23774.90688	55.33345565	42.77389893	27.7261146	61.58069893	32.10045371	10.86271748	45.80379751	16.86385561	13.35632829	69.57474423	45.82315194	17.30851	40.49554668	30.9421706	16.45832936	48.94670792	41.25078553	18.49369866	58.07362842	57.2063271	29.52068051	63.28759688	55.14227379	25.71716715
24674.90688	53.42777288	46.22191936	31.55957959	61.44929264	37.00083614	12.67532773	48.62902771	19.97780104	15.04941308	69.87724889	50.70493916	20.90297137	40.44364527	34.85286423	19.00602363	49.23159329	43.78131348	21.4099019	55.25686456	61.41624688	35.54230461	65.66150389	58.73277105	30.31731113
25574.90688	50.77633001	49.95126152	35.76274538	61.13034754	41.85773033	14.59148932	50.70265755	22.92258123	16.19852105	68.30878932	54.88622693	25.81498656	38.40708295	37.72442084	21.8991134	48.72619968	44.83794204	24.43097239	55.83912137	64.08419514	41.74301374	66.34597955	61.8739031	35.71977189
26474.90688	49.43821167	52.81782076	40.17068992	62.03142126	46.5506268	16.99987232	51.95169663	26.57431204	17.41011319	66.92784078	58.88613542	31.46486622	37.06806616	39.29347711	24.46474823	48.03216774	45.12969903	27.39110896	55.9861566	64.8847492	48.23715657	64.13925868	64.58027849	41.28599565
27374.90688	48.01300947	54.49146546	45.05893364	63.17518522	50.30562457	19.80866267	52.81344033	30.21227624	18.91819312	65.33149639	61.3647776	37.87370405	36.9146122	40.83863023	27.60087313	46.95699161	44.2325459	30.83812655	55.51974581	65.70329691	53.71415203	62.47386888	67.15337868	45.1057321
28274.90688	46.68530401	55.51927222	50.20420309	65.98622246	53.19528416	23.01169301	52.39559309	34.04445907	20.71042617	63.05624224	61.00299805	45.20256786	37.19378917	41.97299419	30.89918799	46.48163016	43.92510998	34.75416799	55.00453523	64.39370747	57.68511183	59.67247172	70.54866572	48.30543899
29174.90688	45.17854818	54.88437154	54.72218142	69.23919238	53.46731373	26.46609869	50.90287821	38.02985176	22.59660298	61.00418624	61.26804123	51.06006155	37.49512202	42.12378137	33.90718359	45.68410219	43.6616806	37.57136669	54.32282645	63.6829768	60.32145893	57.06988439	72.55721547	50.80629993
30074.90688	43.8311795	53.38290242	58.74710005	72.48005238	54.71388946	29.93944269	48.9889014	41.14635915	24.84040458	58.88498023	58.89834688	55.51040615	37.59356817	41.67154976	36.43300408	44.53570047	43.12244584	40.39464862	52.7209391	63.28675143	59.2216208	53.89989643	73.48494672	53.00065264
30974.90688	42.40529677	52.00792919	60.64423053	75.49303862	53.73427363	33.68628223	46.99846347	44.12008632	27.39856099	56.52817237	57.1839947	58.71985233	37.48433855	40.8447184	38.12637686	43.50912337	42.31839957	42.86747868	49.91069531	62.5658304	58.77633321	50.0329276	74.34723581	54.42271564
31874.90688	40.26539239	49.14437345	62.03246986	78.11113485	52.05703822	36.65171817	45.62996842	46.06060134	30.29180579	53.77124923	55.51011257	61.24415319	37.4215506	39.92422325	39.05923344	42.62471807	41.36833011	44.95020028	46.47251924	61.68687983	58.30938431	46.15418466	74.75170363	55.28661783
32774.90688	38.64184772	47.68029075	62.55071862	80.33499576	50.79977044	40.06317076	44.19594639	47.83168934	33.45166919	50.62681099	53.75689015	61.25090134	37.01386586	39.01749614	40.04356395	42.02740589	40.41786579	46.40257805	42.20915292	59.90696106	57.49308004	42.78360985	75.44277478	56.21843839
33674.90688	36.90307696	47.3344492	62.09253213	82.11261661	48.64429092	42.91408589	43.33750734	48.614415	36.60419662	47.18963077	51.55341761	61.23146392	36.86905982	38.0265163	39.64252693	41.45636143	39.77073196	47.19616307	37.54316089	57.28385025	55.29140304	40.20207067	76.87277833	57.62296063
34574.90688	34.88388476	45.84893227	60.78463165	82.63756723	47.11325921	44.44274681	42.1794464	49.13894761	39.3302749	42.59195574	49.06274623	59.42842627	36.3917248	38.07771615	39.37846473	40.34143405	38.50335367	47.00006195	32.74174889	54.13544115	54.67206588	38.52599982	76.99155235	57.21052415
35474.90688	32.77657916	45.39951122	59.50254479	82.62971597	45.72438992	45.3993743	41.45430458	47.91874811	41.49364023	38.84658301	46.04236458	58.32937562	35.61327708	38.46143052	38.7191328	39.53075239	37.69032382	46.91861198	29.65305332	49.6128089	53.90060141	37.21523612	75.32574121	55.61860842
36374.90688	30.79028221	44.19891623	58.57928222	82.2255477	45.87947134	45.10899197	40.16018444	46.42890633	43.58449214	36.51424018	42.52954568	56.28202827	34.70578108	38.44929977	39.00982697	38.59104254	37.1065575	45.80605038	27.4189256	44.57995089	52.54165815	36.05412385	73.26876492	53.16856811
37274.90688	28.63140986	42.61662043	57.06542178	81.09519918	46.36916331	45.18013764	39.06548891	45.06749953	45.12713495	34.8947334	38.52511181	55.62139043	33.83879468	38.49568187	38.08993125	37.70680744	36.26770013	44.31481799	24.80898306	38.17743243	49.81006618	34.56687878	69.76630084	51.24029561
38174.90688	26.81681582	40.73324208	54.99000328	79.63970381	46.72103317	44.72903824	37.65496655	44.01076597	46.6356146	33.53525324	33.87918912	53.3738155	32.92760899	38.24404455	37.61114247	36.78088461	35.52825572	42.61345836	22.40683933	33.7418244	47.67062965	33.09636937	66.51344588	48.73314369
39074.90688	24.87112104	38.33865936	54.88610039	78.1397489	47.02116782	43.9257717	36.30282444	43.06919474	47.89955553	32.32842594	28.93463271	51.17824049	31.89002891	38.42827147	37.28723223	35.68093494	34.82265953	40.22410255	20.27708057	31.50110801	45.14397063	31.31409955	63.23130176	46.69583809
39974.90688	23.59093143	35.89453917	54.5704865	76.33844426	46.75472682	42.63707504	35.21395178	42.3537044	48.31597513	31.21573547	24.07530824	48.26968395	30.90460938	37.87657096	36.76886163	34.67987514	34.05178561	38.74625423	18.36413446	29.64512394	41.49740409	29.21178324	60.12939023	44.60615711
40874.90688	22.29402761	33.82584998	54.25510333	74.57272932	46.90882622	41.18771406	33.64399568	41.96112169	48.02185693	30.16566235	21.40456971	44.37815449	29.46167744	37.4899829	36.56912348	33.39029403	32.56546828	37.29341872	16.59788071	27.67047064	37.62028798	27.23000042	57.40842491	42.79655373
41774.90688	21.03290228	31.49188599	53.29197079	72.66568455	47.01739921	39.90647482	31.79400736	41.03302256	47.40892176	28.93404622	19.63498983	40.96163958	27.78620667	36.74814841	36.23290342	31.90216004	32.02501647	36.96356906	15.28874618	25.33044582	34.02358553	25.55886715	55.17055042	40.18437723
42674.90688	20.24104818	29.45842893	51.75053234	70.72867185	47.04341264	39.15488739	30.28266197	39.81712705	45.92389275	27.62478825	18.54770124	37.1385008	26.5899077	36.00671194	35.77496684	30.46380758	31.68664525	37.08789145	14.32007246	23.11545896	30.42380576	24.16307635	52.67237611	37.27235489
43574.90688	19.76099945	27.12499068	50.27396281	68.57318998	47.17548631	38.16739895	29.08224447	38.48372736	44.23820531	26.38994415	17.71439357	32.82901727	25.41620556	34.89203413	35.76505967	28.80266194	30.79870562	34.80695552	13.44848231	21.00797317	26.36957564	22.77817074	49.58295082	34.32370312
44474.90688	19.21135215	25.27344308	48.7656819	66.32671384	46.92231095	37.42207563	27.9726029	37.36621436	42.53247248	25.21669231	17.05798125	29.01411148	24.20985839	33.41481482	35.57708582	26.977625	29.40745336	33.23509234	12.68129576	19.2198735	23.26952777	21.44944853	46.40142457	31.61783516
45374.90688	18.6103372	23.54703959	46.39586422	64.03023696	46.62344061	37.16092751	27.18991426	36.08983115	40.9669247	24.08755995	16.40866263	26.36767565	23.14977431	32.22510632	35.19174642	25.11949209	28.47642561	31.9013216	11.96691634	17.71992464	20.85033629	20.32354506	43.54998863	29.1001789
46274.90688	18.02393078	21.90321029	44.09393438	61.56176514	45.96504455	36.83977137	26.57599168	34.62031053	39.52475466	23.09342564	15.69367011	24.44501894	22.03997138	30.86469352	34.61695261	23.17819105	27.68384866	30.33102762	11.34954237	16.52340155	18.93513869	19.34504236	41.00009247	26.48737837
47174.90688	17.53003211	20.30723347	41.93286949	58.80926316	45.25201548	36.59780954	26.04784075	33.49009541	38.44044088	22.28939762	14.90989943	22.50610922	21.06412255	29.44920743	33.88944828	21.63849996	26.72773511	29.2406003	10.72369964	15.54179287	17.42688998	18.43414515	38.63504224	24.14911841
48074.90688	17.15796905	18.98758404	39.12373322	55.53257898	44.53284993	36.33201035	25.65437774	31.95091526	37.22751765	21.5561576	14.04617567	21.01398078	19.65691759	27.6029867	32.90135438	20.46068847	25.55347648	28.90205821	10.19026336	14.66345296	16.20678818	17.67830607	36.59333774	22.20268449
48974.90688	16.85122681	18.02643324	35.94863144	51.55882327	44.02386982	36.5292084	25.37098754	30.65136854	36.2602183	20.98513879	13.25335501	20.00751113	18.42705582	25.88553722	31.78567119	19.47201801	24.3623232	28.0291339	9.649389503	13.84193843	15.06090005	16.96293754	34.71242614	20.36539902
49874.90688	16.52609936	17.2273116	32.68044498	46.66866361	43.649155	36.48763701	25.11933565	29.68436695	35.44515554	20.52561834	12.54393623	18.97033402	17.25732712	24.202812	30.56172427	18.64019086	23.35560088	27.25931513	9.203894675	13.12960584	13.97345765	16.31447945	32.94219799	18.66011395
50774.90688	16.22813575	16.50690988	29.48487184	40.93614549	43.49955412	36.42215798	24.87391535	28.62086906	34.45143463	20.12732313	11.90876042	17.91142505	15.91722906	22.77876556	29.29077314	17.9744467	21.64181655	26.48458349	8.772170426	12.47628703	13.05652228	15.74979292	31.33373226	17.35294254
51674.90688	15.84696511	15.84068791	26.73712037	34.08573625	43.37502036	36.44264476	24.70103442	27.69598317	33.41647537	19.83455665	11.422501	16.91045642	14.30239768	21.40817689	28.0610099	17.36626826	20.2983702	25.74292786	8.364403649	11.91906316	12.31755233	15.24209999	29.78746699	16.30858699
52574.90688	15.39955195	15.18983908	24.62730152	27.21971556	43.41137123	36.6658188	24.50081778	27.17584244	32.40832442	19.48938511	10.97129885	15.9581394	12.85766065	20.14710414	26.59831626	16.88652681	19.19530065	24.72757869	7.963880954	11.40106524	11.66309164	14.71814287	28.39227977	15.36081568
53474.90688	14.99320483	14.65874905	22.79838781	20.65194767	43.47338228	36.88527001	24.33943415	26.78358573	31.28142439	19.20128557	10.66384838	14.99825715	11.9055201	18.92035728	25.31590254	16.56850538	18.45210159	23.68091972	7.691117953	10.95784759	11.07276355	14.31800607	27.17008662	14.34686205
54374.90688	14.52235177	14.12932525	21.25718978	15.05587169	43.75963413	37.25090535	24.22698532	26.4560619	30.12248618	18.86103571	10.3418284	13.99568674	11.40889212	17.84881744	23.91216184	16.21580664	17.13016103	22.3727169	7.462331862	10.50086527	10.55888114	13.91415301	26.08217222	13.57043559
55274.90688	14.05981702	13.69924536	20.04878777	11.29330097	44.08787162	37.42187577	24.14150832	26.11954828	29.12769831	18.4915842	10.04994789	13.08109153	10.95495927	16.72185798	22.52489787	15.93948552	15.75058786	21.27939666	7.216599177	10.15281724	10.08195124	13.53894747	25.12064984	12.78613863
56174.90688	13.59533571	13.28356847	19.10772926	9.283024079	44.49589679	37.44997579	24.12744069	25.89189826	28.00930443	18.12950528	9.803085728	12.34775935	10.38448763	15.75812944	21.25221983	15.69668527	14.93228274	19.56359072	6.983022067	9.79747008	9.644435463	13.17908624	24.20059119	12.01374069
57074.90688	13.21716168	12.85345447	18.27085109	8.198563166	44.92677343	37.52261609	24.10472019	25.70393498	27.04367665	17.72899576	9.573362929	11.83041213	9.964397714	14.93988966	19.95070971	15.57952698	14.27684683	18.45163765	6.790992431	9.466744531	9.240541267	12.89609277	23.38412484	11.32683079
57974.90688	12.79902444	12.48263996	17.57139413	7.621262841	45.43078426	37.91068176	24.08742466	25.50779655	26.23054282	17.40390335	9.357286581	11.43648814	9.510814905	14.12281957	18.56089309	15.44357011	13.99180721	17.44526702	6.61987128	9.1279794	8.898814437	12.65688013	22.77890202	10.77906699
58874.90688	12.48950023	12.14424287	16.87979993	7.29154831	45.9261114	38.45648438	24.11420495	25.38059192	25.75491267	17.1068278	9.227344187	11.09540772	9.120211774	13.34989018	17.46139808	15.43697603	13.57112192	16.40626017	6.480562738	8.838210958	8.546855847	12.45683715	22.0218379	10.24337729
59774.90688	12.18612221	11.80160955	16.34781765	6.952578932	46.38390392	38.94819657	24.17374971	25.27222485	25.46087798	16.78391591	9.162892659	10.78021871	8.72694113	12.67100826	16.51748801	15.28719604	13.17017636	15.55316569	6.368239696	8.58429616	8.257048462	12.23826534	21.2991323	9.747451904
60674.90688	11.87343259	11.50620893	15.82253727	6.726615233	46.85354503	39.43572694	24.23379255	25.2115983	25.25215323	16.52259698	9.177602833	10.50370633	8.358182252	12.00884089	15.64222386	15.29757412	12.92974738	14.81357958	6.21650162	8.328592869	7.996589326	12.04900162	20.63527129	9.262516294
61574.90688	11.65841073	11.18919244	15.34779495	6.523719762	47.27796111	40.10111183	24.27287105	25.24446824	25.16760224	15.81534909	9.049594923	10.19688156	8.087881464	11.45775557	14.87667856	15.28455651	12.74209613	14.20655472	6.110833494	8.08950133	7.756797879	11.87107302	20.02488934	8.822317979
62474.90688	11.44035753	10.98113182	14.92949241	6.390416026	47.64115117	40.74636155	24.32872399	25.29302429	25.17386354	15.6519804	8.861613715	9.934163493	7.784822408	11.02590266	14.02755777	15.31214791	12.63064982	13.75796981	6.035379319	7.871071254	7.524850915	11.70343949	19.40492439	8.399086827
63374.90688	11.24211523	10.77162769	14.5828906	6.20839846	47.94242718	41.32200602	24.35145621	25.39960479	25.19273344	15.22434885	8.676230164	9.732083183	7.545889348	10.66797043	13.19361208	15.30832144	12.53602445	13.43940613	5.963488198	7.685021418	7.356193509	11.56675666	18.84574629	8.074265049
64274.90688	11.07551833	10.59967037	14.22203962	6.03302202	48.12075315	41.98894199	24.33759983	25.45955395	25.18079716	15.06764271	8.514492766	9.536758669	7.412568973	10.33284302	12.48230033	15.43293561	12.46348521	13.07454733	5.899460264	7.491165057	7.173346437	11.45320732	18.31139473	7.765996342
65174.90688	10.89220349	10.40735072	13.95483083	5.84306422	48.05738355	42.60807714	24.33115537	25.46822548	25.14515773	14.95979252	8.412345016	9.323812282	7.236573014	10.01071968	11.81647373	15.54785451	12.43934066	12.8453109	5.854075014	7.321762123	7.038818881	11.30337461	17.79988778	7.491336313
66074.90688	10.78761119	10.2887385	13.72926708	5.6911439	47.7740382	43.20773982	24.33346039	25.41849071	25.16311143	14.80160948	8.38251889	9.192423111	7.065720035	9.754047912	11.25007406	15.66907882	12.37572142	12.622151	5.804981705	7.22639054	6.907677915	11.19518447	17.26140451	7.294312248
66974.90688	10.63875106	10.19182603	13.53779018	5.51479037	47.32200619	43.73603181	24.36216727	25.40957353	25.22416594	14.67529868	8.311476015	9.045016081	6.879560341	9.560316376	10.7093866	15.85025265	12.34964176	12.40866437	5.758600933	7.056313993	6.830582043	11.1578313	16.80965559	7.094533181
67874.90688	10.54711862	10.13143563	13.36316253	5.337674917	46.09044751	44.17452393	24.35694128	25.41360763	25.2277905	14.58631628	8.262375864	8.918819009	6.794912493	9.50091304	10.2929304	15.94636292	12.33755541	12.20038006	5.721363817	6.969136052	6.751995214	11.04261407	16.33506509	6.906511809
68774.90688	10.44305111	10.03210213	13.21075269	5.161559447	44.8342916	44.54802074	24.39681376	25.44562147	25.3076677	14.52955877	8.250317813	8.873509725	6.647662928	9.324257512	9.980284424	16.16738235	12.34567966	12.0068857	5.741059329	6.83833863	6.667899263	10.94904652	15.87926568	6.743790713
69674.90688	10.34310428	9.907714376	13.01195188	4.982185947	43.42279354	44.8850002	24.39727395	25.52980732	25.44537764	14.44245023	8.245273842	8.791072587	6.473630505	9.175031459	9.690295088	16.40176997	12.33159281	11.89939058	5.716223942	6.746590516	6.599532565	10.92357749	15.46893808	6.588189578
70574.90688	10.22487144	9.841948833	12.91958155	4.832862996	41.81827029	45.11521073	24.40593947	25.54815516	25.60347383	14.43049019	8.261293639	8.746469341	6.317001356	9.034606876	9.408893349	16.62147485	12.35058861	11.81798187	5.699601653	6.657959101	6.608360524	10.87981477	15.03637273	6.513168867
71474.90688	10.13623	9.744370086	12.79119042	4.683239808	40.04284961	45.28799182	24.39319761	25.61392614	25.79170307	14.42142259	8.279536929	8.707335238	6.198636138	8.924224738	9.161679396	16.86486119	12.40654607	11.79354422	5.662626465	6.605996038	6.546236902	10.81642821	14.5866052	6.387129297
72374.90688	10.05812586	9.694877289	12.66124878	4.527147385	38.0001798	45.25371634	24.33602108	25.64115689	25.96044363	14.362913	8.257769799	8.674203507	6.124261368	8.815488913	8.960913669	16.97602346	12.47720346	11.78637417	5.656538461	6.505871421	6.504511815	10.76652436	14.21598043	6.303696701
73274.90688	9.917866225	9.567784078	12.57257279	4.407849956	35.80384599	45.06990653	24.30706437	25.63027218	26.16086923	14.39596412	8.258010806	8.658435735	6.130046671	8.758249304	8.830044644	17.21582966	12.58192247	11.81508577	5.648635309	6.46226391	6.473953849	10.70549685	13.78903821	6.238569755
74174.90688	9.855677527	9.560892562	12.48879202	4.228995469	33.46661941	44.74658332	24.23605943	25.69145478	26.34114276	14.39718972	8.325398929	8.704430235	6.017958078	8.640321507	8.726621133	17.45592065	12.72845417	11.88930025	5.644861898	6.392441846	6.463646978	10.66284754	13.37955595	6.186057276
75074.90688	9.746306071	9.46982015	12.42017876	4.148134715	30.95305946	44.20166651	24.19434025	25.73054806	26.47118107	14.31631461	8.35994384	8.687447015	5.922735541	8.521726146	8.660942213	17.71989104	12.82617334	11.89662086	5.617841452	6.323331042	6.444140869	10.63413549	12.92787284	6.116286628
75974.90688	9.65429544	9.445777862	12.33345399	3.980043312	28.39101447	43.49373617	24.09590522	25.77946727	26.51591591	14.3784785	8.39173807	8.720200537	5.798235452	8.442016984	8.568874984	17.9972385	12.96939665	12.00434529	5.592408801	6.283192711	6.403905632	10.61953282	12.4716685	6.050120648
76874.90688	9.57638499	9.361683886	12.2420227	3.824102986	25.75035352	42.72829228	24.01007194	25.80208007	26.52838858	14.420284	8.424006773	8.728170427	5.700717539	8.364646051	8.48992697	18.21083259	13.09886741	12.11182501	5.556961684	6.214453379	6.361910109	10.56105612	11.92344534	5.982814443
77774.90688	9.518543629	9.306568414	12.17136519	3.683013992	23.12140567	41.43222536	23.91675966	25.79952835	26.46913071	14.42620724	8.496820344	8.791581979	5.627672822	8.28880099	8.418505126	18.43981776	13.28630933	12.21664983	5.555922311	6.143042882	6.302596693	10.48339217	11.16405003	5.899598707
78674.90688	9.420231731	9.226921593	12.07285427	3.533266905	20.53322249	40.18363166	23.81321142	25.82060141	26.45365522	14.42313289	8.525633448	8.874187037	5.530239267	8.153328786	8.373364788	18.76114983	13.37887395	12.39263541	5.516741969	6.086661924	6.297058523	10.44557863	9.907711046	5.773478446
79574.90688	9.306730899	9.154357504	11.97752573	3.430306135	18.02644626	38.81136047	23.66715138	25.79803299	26.40055565	14.48856367	8.613874564	8.957548979	5.466095956	8.047670392	8.267264248	19.07568021	13.58325634	12.49935595	5.471065846	6.033008127	6.26240761	10.24194343	6.453164774	5.554447249
80474.90688	9.236718992	9.103005047	11.90958273	3.315213041	15.64464241	37.29638952	23.55661343	25.71209077	26.38777321	14.47660086	8.655741536	9.052457812	5.374266654	7.93084599	8.191332093	19.36160218	13.77805877	12.66008845	5.470652489	6.00986028	6.200987847	10.07414168	3.739957341	5.329197341
81374.90688	9.174012089	9.057326285	11.83567797	3.192549908	13.4345444	35.654794	23.40706085	25.7226019	26.35476809	14.4884709	8.759911127	9.134514744	5.298604647	7.84752865	8.145880444	19.51468202	13.98908075	12.78367099	5.430296619	5.950704832	6.16101307	10.00767956	3.105773843	5.259121685
82274.90688	9.061527469	8.98512568	11.77456837	3.089839198	11.38756845	33.88371155	23.2218857	25.61457102	26.34697892	14.49333918	8.857032934	9.271913358	5.253933529	7.751476074	8.11300943	19.79006566	14.17849025	12.9194237	5.382341869	5.927215695	6.140334205	9.988446495	2.963439091	5.224817332
83174.90688	8.975932276	8.946079161	11.70165887	2.961161952	9.600531416	32.03843321	23.0071973	25.57150384	26.2729667	14.5021007	8.958674143	9.374265155	5.195844016	7.664799503	8.033990563	20.10779671	14.38452441	13.01622533	5.385148822	5.897350954	6.109792669	9.975268413	2.926077452	5.177602821
84074.90688	8.910736467	8.873534074	11.60112131	2.915368354	7.992329338	30.11708568	22.76847331	25.43902534	26.2345387	14.52157809	9.05494179	9.53288392	5.132696894	7.601605205	7.972732774	20.36682334	14.60185247	13.03342041	5.342413765	5.861482641	6.099120382	9.937488658	2.87291697	5.127462544
84974.90688	8.817431378	8.802144351	11.53204432	2.854154154	6.568761878	28.1334894	22.53266876	25.2982293	26.16368707	14.54979539	9.176612241	9.658438227	5.072885565	7.433958911	7.887211408	20.65630058	14.83197883	13.09505938	5.335016477	5.858606624	6.063169548	9.965323677	2.86380807	5.091941324
85874.90688	8.774033229	8.718940907	11.46212477	2.787576621	5.382534876	26.07764922	22.27407361	25.10810669	26.08679707	14.59737453	9.313034509	9.783552595	5.006528586	7.369036479	7.835838436	20.95843854	15.06406204	13.25709261	5.325312125	5.810403736	5.998985068	9.941820479	2.841059181	5.039144113
86774.90688	8.678779946	8.618781954	11.3754637	2.721059184	4.492370011	23.99144895	21.95848867	24.80860392	26.02091605	14.59701537	9.390007372	9.889497326	4.928281646	7.261405863	7.75778689	21.22222336	15.248592	13.32882472	5.305611636	5.793037483	5.973724615	9.890117066	2.838278393	4.983397367
87674.90688	8.628300748	8.579629112	11.32288556	2.715828419	3.869496457	21.9534895	21.62620057	24.43782959	25.94757751	14.62997672	9.487005613	10.00626228	4.832122403	7.143137518	7.639806156	21.53282192	15.42284067	13.437998	5.30775865	5.786244164	5.925745249	9.906796364	2.812043287	4.920626005
88574.90688	8.563243623	8.477631415	11.2320122	2.695355866	3.45499727	19.89889992	21.28269714	24.10760422	25.84665101	14.68659743	9.579676718	10.10464602	4.785449142	7.029861277	7.582314786	21.75933165	15.60605023	13.60758452	5.248484976	5.777984389	5.934623265	9.900775292	2.82225754	4.811295539
89474.90688	8.489399435	8.433526949	11.16764708	2.663646329	3.133884394	17.95985835	20.9240211	23.7561808	25.70670908	14.72802257	9.70680183	10.2270461	4.665668132	6.936876151	7.491739372	22.06684852	15.92124228	13.76106297	5.253417071	5.780671746	5.864665671	9.910969647	2.807719372	4.767910622
90374.90688	8.401776713	8.360205006	11.05064943	2.67700354	2.915145865	16.10402848	20.57567195	23.35458252	25.5501363	14.74749017	9.798733367	10.31051206	4.591818326	6.852151253	7.397547339	22.24022963	16.15494183	13.8979794	5.269628387	5.74846908	5.809543866	9.874687481	2.832126054	4.758872184
91274.90688	8.352239671	8.288365911	10.96596965	2.651365428	2.756371274	14.28300249	20.15164185	22.94324813	25.40273138	14.82654287	9.863977679	10.42032093	4.496168268	6.768744682	7.336371003	22.3951488	16.30327736	13.95256834	5.252875578	5.71156609	5.77233373	9.83932497	2.827165612	4.713019457
92174.90688	8.263572247	8.217622624	10.87649781	2.63440442	2.608924607	12.58797655	19.76871596	22.43598616	25.23675203	14.86322502	9.931180178	10.46728815	4.449638743	6.676993637	7.23877116	22.53027401	16.51758239	14.03247553	5.291082974	5.736602889	5.715882499	9.791206078	2.836157377	4.66758407
93074.90688	8.197408492	8.119050807	10.80393246	2.62737671	2.494523234	11.02926266	19.35591879	21.95914427	25.08006952	14.90052586	9.992484877	10.5381226	4.407712188	6.597641429	7.181026968	22.73765105	16.7973383	14.13935265	5.273919934	5.70168584	5.720586942	9.793150732	2.84483406	4.586102199
93974.90688	8.16895323	8.086404655	10.72674265	2.612023964	2.411628662	9.606171375	18.93270357	21.5117339	24.86625297	14.89554479	10.06056333	10.6061274	4.374904172	6.515115794	7.092722405	22.88431605	17.02538218	14.34575934	5.299889699	5.685576493	5.658859841	9.779682554	2.850823333	4.564501369
94874.90688	8.121781053	8.012513197	10.64835543	2.614315259	2.343873701	8.297273147	18.50713286	21.00567602	24.68606372	14.92455241	10.14063193	10.63143236	4.357902008	6.383731945	7.048236318	22.9056515	17.28628198	14.4921907	5.316590972	5.613570183	5.641392049	9.693788405	2.861405929	4.487262997
95774.90688	8.045218513	7.905217677	10.58015243	2.621765108	2.268826686	7.129656606	18.08198362	20.46664078	24.46904262	14.91828991	10.15949251	10.64970177	4.312990927	6.282976897	6.99239693	23.11566875	17.62342464	14.60651182	5.372768759	5.590863651	5.613396024	9.696472594	2.880901718	4.467182955
96674.90688	7.963882982	7.850378999	10.48963144	2.62709176	2.217987729	6.051761233	17.67465475	19.92526916	24.26163517	14.99875446	10.23674342	10.63675252	4.301955336	6.180252791	6.940898901	23.25469172	17.89520174	14.69790217	5.379162531	5.559368128	5.582252446	9.692154723	2.898177404	4.398255503
97574.90688	7.940524459	7.813379579	10.39864519	2.592731475	2.187463109	5.112402177	17.17730002	19.38927235	23.98382875	14.92404302	10.25127262	10.66109778	4.228732952	6.089522894	6.889306536	23.3410645	18.17658878	14.88472624	5.428495713	5.562733886	5.559747156	9.70167065	2.935077687	4.329668478
98474.90688	7.883877212	7.765617109	10.31200063	2.595038243	2.13933671	4.293446112	16.71119774	18.86446449	23.78081095	14.78427843	10.27485438	10.63927353	4.187479351	6.042645544	6.849671608	23.36399126	18.40599924	14.77870517	5.465053287	5.578523356	5.568431349	9.727763974	2.92049153	4.280634189
99374.90688	7.805695949	7.69311857	10.275016	2.593248015	2.085050186	3.641619505	16.23802462	18.27336228	23.48652241	14.57885819	10.26338848	10.57942443	4.093466398	5.909810261	6.767607418	23.36514778	18.64947594	14.88253648	5.499742871	5.554597465	5.541386932	9.707644094	2.969070464	4.230519642
100274.9069	7.770281372	7.62744252	10.17049821	2.585859817	2.069063977	3.14142586	15.77613575	17.69531252	23.24228105	14.4607925	10.25142964	10.55178374	4.050863145	5.821022749	6.694083937	23.28664623	18.87806319	15.02058544	5.530081531	5.518669662	5.513912893	9.629689641	2.954956479	4.171562085
101174.9069	7.707389344	7.599811019	10.10805956	2.571787938	2.003306372	2.788832974	15.31721455	17.13213499	22.96808589	14.40908667	10.24262404	10.50271838	4.013068809	5.728509934	6.644412614	23.2426133	19.05833815	15.23979277	5.570329988	5.545057657	5.502938177	9.598684362	2.978479515	4.118716032
102074.9069	7.652904818	7.540451382	10.01324352	2.543643008	2.0052669	2.514668498	14.85696626	16.50008321	22.68687709	14.20041981	10.18950944	10.42479472	3.95641057	5.655086026	6.55231284	23.12472553	19.31965446	15.10112919	5.619637719	5.517525766	5.463066071	9.570152051	2.956586401	4.04660873
102974.9069	7.618767977	7.443348353	9.950629338	2.519425598	1.959948251	2.33844224	14.40497653	15.9459569	22.35697814	13.82547113	10.11194997	10.33240056	3.91229024	5.569815718	6.487567792	23.0128416	19.46660565	15.27141206	5.670967534	5.503419289	5.437086941	9.523545012	2.979998407	4.008916651
103874.9069	7.54808397	7.396934916	9.871508141	2.499060548	1.929710009	2.21738227	13.94584977	15.38369935	22.0693459	13.51942937	10.09475401	10.27528116	3.846769777	5.494956402	6.396683866	22.87013014	19.714872	15.43229871	5.728546178	5.470325018	5.406634436	9.566495598	3.006637332	3.933126748
104774.9069	7.489686281	7.346216751	9.812414742	2.448977294	1.937493639	2.15813477	13.48410216	14.75771287	21.72203776	13.3046497	10.03819648	10.1709957	3.813979812	5.419625259	6.327730231	22.68839677	19.92602763	15.45236938	5.750043497	5.463775698	5.383043982	9.554756232	3.002245788	3.872852074
105674.9069	7.427978968	7.304099107	9.74232745	2.409069581	1.888078303	2.086596594	13.07747011	14.19143055	21.39303679	13.03003425	9.949169889	10.07027043	3.745115834	5.315358935	6.218032222	22.34702525	19.95245798	15.54616541	5.799676014	5.468566506	5.361324804	9.524277559	2.976149821	3.797576966
106574.9069	7.383225206	7.298634572	9.674274016	2.428401363	1.89569322	2.04803778	12.6554564	13.62793688	21.07157971	12.71223077	9.902844633	9.971979355	3.712351894	5.246387323	6.146846495	22.06173096	20.13571785	15.68010655	5.838882316	5.482781866	5.275212077	9.490978903	3.000520836	3.764131014
107474.9069	7.337729909	7.227096225	9.607015056	2.426779925	1.869346799	1.973836401	12.25255571	13.09419438	20.77713188	12.45991468	9.786070991	9.871487233	3.720580676	5.187125932	6.04139778	21.66368206	20.24611923	15.68036707	5.861657769	5.48083025	5.267505897	9.518196253	2.981439246	3.713009308
