Time	B2	B3	B4	B5	B6	B7	C2	C3	C4	C5	C6	C7	D2	D3	D4	D5	E7	D7	E2	E3	E4	E5	E6	D6
3046.640728	-1.391633557	-1.569506246	-2.017766606	-2.379976968	-1.311064521	-0.990239332	-1.369577269	-1.290680556	-0.6378128	-0.730962385	-0.388310673	-2.046954761	-2.225825992	-2.57951986	-2.254157647	-2.732841549	-2.04589436	-0.520771466	-0.79115249	-2.413346606	-3.419586573	-2.060821381	-1.79282232	-1.33640211
3946.640728	-0.874657115	-1.117066492	-1.148780595	-1.232109603	-0.995749172	-0.338877808	-0.899811223	-0.331567806	-0.332171564	-0.479495092	-0.315000578	-1.568953029	-1.485896567	-1.409696776	-1.69458181	-1.815112836	-1.372972221	-1.055240908	0.336394943	-1.391137365	-2.531600618	-1.191140035	-1.522322869	-1.53687122
4846.640728	-0.767520265	-0.906300374	-0.746971299	-0.991342445	-0.924310679	0.00636497	-0.627901372	-0.343447904	-0.116370151	-0.269089557	-0.350341498	-1.171511271	-1.239074071	-0.932448295	-1.446572133	-1.407426265	-1.37959301	-1.23060582	0.483200909	-0.855060837	-1.914896389	-0.813517667	-1.196483036	-1.72251561
5746.640728	-0.588788416	-0.79305318	-0.675483073	-0.935916928	-0.93743745	0.152733266	-0.450320078	-0.401505248	-0.071929748	-0.103246136	-0.329791229	-1.062729989	-1.072716771	-0.775166747	-1.307873034	-1.273557922	-1.343726176	-1.328225229	0.460962894	-0.668477026	-1.559777287	-0.665113368	-1.000506706	-1.855809002
6646.640728	-0.329516176	-0.73064239	-0.628955828	-0.765796114	-0.892060465	0.150127138	-0.294555231	-0.401462894	-0.095747668	0.136374266	-0.271795519	-1.004659269	-0.857954904	-0.708284587	-1.1761922	-1.201066156	-1.251169944	-1.379733702	0.557152293	-0.597985853	-1.31708208	-0.574619612	-0.870487453	-1.939995557
7546.640728	0.026344689	-0.683507843	-0.607033841	-0.454090872	-0.809179205	0.177109295	-0.153569748	-0.380192223	-0.08022987	0.540032452	-0.189631636	-1.01778349	-0.539330396	-0.629973384	-1.079724545	-1.108204175	-1.237862391	-1.360453472	0.791295608	-0.526394721	-1.09126381	-0.469683205	-0.838653016	-1.935259499
8446.640728	0.625385862	-0.612941205	-0.546183385	0.155840418	-0.749326398	0.197166968	0.054512766	-0.410086928	-0.058444195	1.205238337	-0.076327023	-0.954023902	-0.000922935	-0.571713081	-1.01017001	-0.995734123	-1.154123057	-1.300142197	1.137440424	-0.425697166	-0.988112356	-0.279459539	-0.744047057	-1.877175638
9346.640728	1.383079244	-0.531825854	-0.477734162	1.054639883	-0.63543587	0.229240135	0.337354852	-0.33777556	-0.01927212	2.352330419	0.111443794	-0.940326705	0.822022293	-0.433799475	-0.88571335	-0.84182724	-1.08277062	-1.256949626	1.759544918	-0.306744942	-0.836453372	0.019985986	-0.677118945	-1.870001726
10246.64073	2.373066744	-0.428120547	-0.381088216	2.298997191	-0.474848414	0.227314977	0.757712108	-0.270868682	0.082337257	4.153686811	0.376948869	-0.869623838	2.171320941	-0.238375686	-0.804793219	-0.514969868	-1.023401619	-1.223226722	2.688244096	-0.131744263	-0.712666621	0.475054546	-0.592670282	-1.809001425
11146.64073	3.603986913	-0.257738994	-0.261131634	3.940840404	-0.196835473	0.306949976	1.392177072	-0.160061887	0.171457329	5.222118055	0.744730435	-0.778234741	3.795206568	0.043014298	-0.662897329	-0.208614955	-0.902452046	-1.173268356	3.816339719	0.036960285	-0.527048326	1.150496301	-0.495534019	-1.720150568
12046.64073	5.061625736	-0.00538692	-0.119618719	5.549808597	0.141843	0.359643651	2.207501999	-0.010808324	0.306422897	6.439981573	1.242806724	-0.65636885	5.471271363	0.416886369	-0.540608949	0.129103141	-0.751061247	-1.130751102	4.973137748	0.322384926	-0.375930536	2.17927049	-0.322054985	-1.651419081
12946.64073	6.601638955	0.36324208	0.057069035	7.073849959	0.674965892	0.473450508	3.154506079	0.164677321	0.427448452	7.725721589	2.057013252	-0.429074748	7.360972637	1.006088486	-0.332585039	0.603047776	-0.649678681	-1.037844423	6.248344873	0.7510716	-0.143492216	3.52592821	-0.102441881	-1.530547437
13846.64073	8.429250876	0.841079716	0.28762522	8.868402757	1.417499197	0.653592558	4.241314439	0.470766478	0.581812956	9.553207054	3.37605558	-0.150990706	8.58849571	1.862789998	-0.067293113	1.230565739	-0.430350325	-0.967425754	7.606853569	1.276027855	0.097096419	4.710104243	0.213545531	-1.365074041
14746.64073	10.50434804	1.482901458	0.501030493	10.56503391	2.627453465	0.796720737	5.614428288	0.780932663	0.770847169	12.06792538	5.346540891	0.275074439	9.976294735	2.922615724	0.200142303	2.106763168	-0.192017369	-0.877876049	8.935768842	2.053015233	0.312168855	5.765487654	0.63273875	-1.199871213
15646.64073	13.29184253	2.375801264	0.838200513	12.96253908	4.371495255	1.032488296	6.926223032	1.187960843	1.067510618	16.10311847	7.342620287	0.827629811	11.81751498	4.207812828	0.593966342	3.3099402	0.05545742	-0.808883624	10.12096486	3.207260634	0.622563502	7.125893591	1.167686861	-1.05716447
16546.64073	17.27631509	3.517334019	1.247050595	16.09223472	6.622416381	1.358667474	8.276110301	1.749299088	1.441947033	21.88370942	9.624109627	1.681273174	14.10452477	5.672822241	1.175995485	4.842491238	0.409311692	-0.729380447	12.14370289	4.797216367	1.028644488	8.649181473	1.990568515	-0.871364063
17446.64073	22.47060373	4.763121539	1.889610246	19.95208538	7.994769765	1.733449868	9.78466305	2.462267701	1.892883949	27.77445635	11.66214328	2.769778195	16.81570711	7.264088158	1.941660912	5.887312864	0.713368374	-0.642804902	15.17957092	6.438428313	1.573934007	10.97935015	3.231061225	-0.611095726
18346.64073	27.2524581	6.388807819	2.652467392	24.82289045	9.532574418	2.288607856	11.41313058	3.334102301	2.396480965	34.38820295	14.16021362	4.131356475	19.94929754	8.588798639	3.102114743	7.288728578	1.151001159	-0.52904781	19.3285552	8.02173967	2.364914539	14.38898266	4.871647238	-0.224855999
19246.64073	32.45344875	8.229008849	3.57750437	29.53240346	11.14887706	3.186800042	13.32176337	4.511863958	2.891366989	39.39549285	17.54752426	6.106241602	23.05864409	10.64002792	4.475733452	8.750439236	1.679212261	-0.39820994	24.19540219	10.01309473	3.426116348	18.92092839	6.618876701	0.29402837
20146.64073	36.34279274	9.912260637	4.810862043	34.52819154	13.780324	4.59709966	16.07961483	5.910381247	3.522951233	45.19600217	21.65627004	7.689397348	26.33484761	13.59299692	5.821311028	9.86762536	2.423289784	-0.245062893	27.43231722	12.22581533	4.643025755	23.70381504	8.260509013	0.929797421
21046.64073	40.72633404	11.80448796	6.109008401	39.44483189	17.35813888	6.47604089	19.52910793	7.500363036	4.243438233	49.30288887	26.51064256	9.389391732	29.68631408	17.16734982	7.505337829	10.88737221	3.424199237	-0.038887252	31.26197511	14.59555887	6.173724039	28.45400986	10.26720174	1.572317599
21946.64073	45.39031947	14.37312665	7.59543057	43.91858424	21.80889818	8.499212155	23.17266943	9.109277755	5.104107957	52.02050632	30.66958372	11.74911096	33.13172755	20.7095832	9.463068593	11.98951436	4.664749822	0.257903249	35.23169694	17.45479982	8.078753626	33.77590516	12.61326818	2.382493982
22846.64073	48.87743563	18.18745224	9.358549057	47.33279396	26.19758501	9.978135394	26.95985305	11.26770734	6.072749264	54.10758093	34.58069758	15.67815209	37.19904007	23.9939312	11.43857713	13.0653757	6.092019887	0.61523295	38.63594713	20.65082576	9.77213864	38.60920212	15.43249555	3.554267917
23746.64073	51.76320329	22.17576274	11.32956209	49.26429732	30.84959696	11.90489586	31.56911369	13.85648339	7.220280535	54.31159308	38.92990269	20.34568839	39.6785372	29.1309889	13.44708041	14.21971083	7.27323928	1.102070578	41.43732415	24.00846567	11.53100355	43.34169879	19.37054741	4.82388756
24646.64073	53.86360655	26.75537688	13.53549717	50.27190931	36.84532555	14.45609621	35.41322321	17.02482405	8.382663556	52.04341462	43.28649167	24.11949697	41.58798369	33.33587952	15.56637033	15.2658844	8.617777241	1.56762735	44.08764805	27.32651167	13.45761058	46.51576316	23.19654423	5.536465811
25546.64073	54.82483457	30.95375397	16.28971688	49.1090184	42.89084081	17.58982806	38.93600465	19.81118194	9.681977663	49.71965117	46.77107064	28.14271046	43.43978335	38.03126897	17.89306479	16.20235326	10.53774613	2.280582267	45.4935261	30.79980704	16.16227121	49.31397653	28.01622211	5.953299005
26446.64073	54.71702642	36.25830574	19.53734893	47.96170362	47.99265095	20.81448264	41.25290263	23.44919295	11.00488677	46.14198879	49.34492061	33.39982341	44.93422147	42.11480372	20.39080315	16.91207202	13.25477005	3.083717712	47.08246118	34.53128346	20.1877417	50.43030578	32.9260427	6.927191964
27346.64073	55.23898668	40.73185209	22.84162561	47.05787761	50.33676969	24.13678104	43.38360297	27.34112692	12.46099836	43.79707733	51.13867611	38.6206401	47.10586076	46.32039099	22.98393539	17.56335138	16.02842419	3.939165127	47.56680237	38.26548564	22.56937841	49.8163601	38.33232134	8.333505266
28246.64073	54.31899937	44.83565304	27.16062392	46.42431121	52.51577337	27.89264875	44.6578716	31.74500328	14.16947431	42.11090211	49.83171198	43.65418316	47.19988202	49.78777628	25.49248942	18.42339843	19.54200247	4.895815112	47.51075559	41.5853845	25.96558758	48.8738463	42.83198311	9.508002405
29146.64073	51.11884649	48.52236368	30.89345833	45.84417083	53.44138469	32.22666439	45.92527658	35.8875886	16.00939685	39.92756994	48.30150124	47.60511647	47.5732592	53.41042352	28.04889402	19.22344985	23.22821054	6.043034393	47.95896697	44.18827446	29.42474704	45.93554236	47.14337317	10.72126685
30046.64073	48.64966455	51.2753141	35.0140518	45.32951507	53.4781008	36.62376922	47.4349172	40.7050728	18.06040304	38.7413022	46.44443918	49.46784186	48.10881242	56.10484622	30.60633222	20.055282	27.60714757	7.303654661	47.31957716	44.79393243	34.37758862	43.97530865	49.6643162	11.64319181
30946.64073	47.17892544	52.19481478	38.80221395	44.37118203	52.39986085	41.19600182	46.79342855	44.92689072	20.29275479	36.7079742	44.61822829	50.60830055	48.77763299	58.31713844	33.19233591	20.80570222	30.75851345	8.67268889	46.49007204	44.84236973	37.88147109	43.13527806	50.77019646	12.59118239
31846.64073	44.49750453	52.48997671	42.66401445	43.54372439	51.31710746	45.06273771	46.51350281	47.95836717	22.75665474	34.67671072	43.29535905	51.41848031	47.53084861	58.18269656	36.49142094	21.77088471	35.50079719	9.549854515	44.80119096	44.83132652	41.07816949	42.50300036	50.80314467	13.33014087
32746.64073	42.08307307	52.05415471	45.78107946	42.3444844	49.65177097	47.44277979	45.6224335	50.78161698	25.30283126	31.95383974	41.94189195	50.37730513	46.42344444	58.28308104	38.7277159	22.3087093	39.79471232	10.29579791	41.90558395	44.82486043	43.60494543	41.03826347	50.40540069	14.66564147
33646.64073	39.69698146	51.27003824	47.6645947	40.82668685	48.91920195	48.39969648	43.5851923	53.34799806	28.13422383	29.99049535	40.31317039	47.71640125	45.92796936	56.99526988	40.85337349	23.24806447	42.65948093	11.21757613	38.97920631	44.42515253	45.1543086	40.13027061	49.22674741	14.8686318
34546.64073	37.03508099	50.4222508	49.76160442	38.75033843	48.07588286	48.49703409	42.13695651	55.32913504	31.11554879	27.83687534	38.67068314	46.09122705	45.42504157	56.44997392	42.61188654	24.07257943	44.872771	12.2441787	35.83979126	43.97280768	46.2958464	39.66554684	48.47100467	16.15535026
35446.64073	33.92739072	48.68016257	51.06414242	36.99099833	46.88369616	47.95042674	41.46116797	56.64281384	34.13257441	25.80722482	37.62345431	43.30156912	44.48935659	55.74456912	43.93549542	25.05190626	46.88217641	13.13055424	32.81487012	43.31670522	46.74166504	38.09035493	47.07963639	16.94354415
36346.64073	30.89646215	47.29230215	51.53401421	34.46390168	45.72498896	47.53008759	40.18136479	56.80300913	37.09846385	23.99109987	36.23007481	41.2502071	43.87741332	54.46455278	45.30258536	25.84246405	47.93854522	14.0844484	28.7833003	42.42610058	47.14351949	35.87744244	46.07322708	17.45314959
37246.64073	28.09367131	45.29880699	51.25242442	32.13062565	43.71026166	46.09438779	38.6652494	55.36234532	40.0965245	22.36267827	34.6676209	39.79333046	42.80895316	52.98146117	45.18498092	26.36757137	48.36522924	14.80190359	25.9576873	40.88984184	47.27190377	34.449392	45.60855321	18.45702054
38146.64073	25.63057126	43.73144147	51.40801551	29.74515594	41.38326178	44.7507695	37.20397755	53.98732054	42.48963551	21.54322646	33.16420633	37.82863695	41.23721732	50.82283908	45.4242927	27.50508306	47.59220287	15.54119207	23.6795484	39.11414253	46.51222072	32.18457321	44.1780111	19.67496804
39046.64073	23.72749216	42.10702446	50.51811154	27.40240209	38.79048856	44.09369708	35.66293955	51.63299464	44.69823499	20.40926909	31.72577575	35.87081342	39.04390384	48.1062495	45.71291949	28.17324888	45.92976397	15.92245126	22.08250057	37.47969735	45.57542153	29.63895132	42.70091775	20.41014231
39946.64073	22.01609155	40.19026933	49.06105526	25.84980366	35.79366347	43.17657648	33.67323935	49.63644608	45.68725974	19.49140997	29.93569622	34.65279766	36.25262969	44.58651081	45.32481398	28.55975496	43.6179933	16.37988563	20.16776621	35.26135073	44.56701694	27.15331771	41.3895818	21.27731975
40846.64073	20.45222101	39.15721009	47.00482633	24.36737023	32.99766926	42.24432506	31.67820059	47.28098268	45.45939158	18.80194969	28.39047602	33.55962846	33.86387144	40.68524151	44.76466973	28.8829252	42.60534584	16.88847333	18.49204524	33.24060574	42.86418372	25.53318086	39.58212559	22.52448683
41746.64073	19.21752995	36.8602308	45.42325836	23.35136552	30.10014973	41.92372412	29.26020073	44.88867944	45.2622148	18.27743725	26.98836068	32.55574077	31.41802644	37.70305508	43.147147	29.06029434	41.27355531	17.48232809	17.18235996	31.10210112	40.49385176	23.50434704	37.56626882	23.32072725
42646.64073	18.41600016	34.90903946	43.70405454	22.49447143	27.2579355	40.65373048	27.24361262	42.73444771	45.02500647	17.84688946	25.51810722	30.90631484	28.11418031	33.83763444	41.90839797	29.04894561	39.86647666	17.78645464	16.01852693	28.8379704	37.89819716	21.60147541	34.57374703	23.85118653
43546.64073	17.53422302	31.940567	42.13970577	21.85637948	25.04560383	39.58733859	25.5895659	40.94045556	44.59084243	17.44329346	24.19621094	29.5474209	24.33850467	29.88106896	40.62356121	28.11419331	38.40682667	18.2704517	14.98118646	26.58010792	34.54475531	20.17443246	31.89999022	25.1701368
44446.64073	16.68468498	29.36564023	39.98665722	21.19799897	23.3189649	38.07429219	23.59093877	38.62018042	44.12136234	17.32960591	23.2900403	27.4485652	21.27559101	26.37638717	39.88620755	28.91698727	37.17564595	18.8674044	14.18746587	24.75592284	30.09034157	18.83875443	29.00825697	25.5414379
45346.64073	15.9574848	26.76794691	37.31229977	20.54093206	21.99667995	35.93938575	21.43386222	35.96490952	43.34268456	17.19610674	22.5217054	25.07665404	19.15267974	23.66246904	38.88903173	28.9831604	35.75953333	19.4265546	13.61259284	23.46929417	27.39824518	17.75560121	25.97840605	26.58839663
46246.64073	15.31188297	24.60640083	34.88096515	19.77916582	21.12544727	33.54986797	19.16001331	32.5920764	41.60860703	17.07176684	21.72280458	24.00248543	17.60097708	21.83770233	37.10609662	29.18700076	34.1736682	19.53314206	13.17513245	22.50216843	26.17340634	16.94108881	23.28657051	26.27430708
47146.64073	14.77049527	22.61205766	31.74260645	19.04347212	20.28576295	30.86677959	17.82311333	29.57732485	40.65847859	17.00884069	20.97358503	22.93366963	16.5057272	20.50670754	35.15231065	29.23451169	31.80237131	19.9334791	12.77139405	21.51695305	24.27830516	16.37813748	21.34339385	26.24683767
48046.64073	14.37595592	21.07742176	27.50177789	18.2565842	19.46921455	28.25016456	17.43368777	27.52685462	40.24774401	16.99359335	19.88501191	21.30484803	15.71777504	19.58262988	33.17205955	29.02362753	29.56394701	21.8484795	12.37677441	20.58310269	22.442234	15.69120784	19.81015625	24.80900369
48946.64073	14.00198366	19.55780369	25.21646973	17.48227822	18.75417396	26.15645133	17.35552838	25.04034676	39.88054777	16.88296068	18.60566894	19.88638003	15.06798245	18.62956113	31.16560357	29.01972271	26.9396539	21.43085294	12.03957338	19.95527942	20.62452381	15.28516846	18.68312459	24.9083938
49846.64073	13.59097424	18.39148836	22.76451401	16.72792961	18.10971294	24.24263292	17.00815004	23.13695665	39.24550319	16.6419065	17.33755377	18.35420025	14.4829198	17.72140305	29.38883246	28.4360694	24.38514712	22.29835125	11.73411693	19.37074291	18.67323454	14.90775475	17.76026574	24.95764844
50746.64073	13.08424642	17.27555159	20.00584831	15.88931738	17.58949889	22.68663218	16.30950819	21.8176071	37.95581844	16.53001665	16.2232896	17.55222064	13.87795291	16.87892767	27.65946895	28.0858232	22.0206625	23.38374696	11.41277384	19.01069243	16.79580981	14.59253606	16.9867448	24.22825443
51646.64073	12.52147568	16.47224055	18.37711658	15.13285034	17.00724791	21.22941034	15.31377388	21.20294607	36.56282109	16.27070423	15.58687887	16.91753426	13.24623681	16.10145064	25.77186386	27.47918426	20.10801475	23.82388974	11.14968591	18.60984055	15.23308425	14.3344753	16.37402738	24.67637366
52546.64073	11.97889538	15.84765427	17.34844433	14.42808904	16.6077341	20.17948271	14.51117929	20.4918545	35.16586752	15.927497	15.16129493	16.58877102	12.65345649	15.42644035	23.6004195	26.82847981	18.61478058	24.12173896	10.93393621	18.41561624	14.09291905	14.16293132	15.92272527	24.77976953
53446.64073	11.47685943	15.12788069	16.70190164	13.75873912	16.17818997	19.3836699	13.60774103	19.72464036	33.73722535	15.49866436	14.73721392	16.39299166	12.07316987	14.68679766	21.47888272	26.24857832	17.52369831	24.87548584	10.74743012	18.11687397	13.19818135	13.93121377	15.45835606	24.27809891
54346.64073	11.07791499	14.30428122	16.09485996	13.21911301	15.59482904	18.81693727	12.92784155	19.080057	32.07578737	15.00582269	14.18912451	16.17933736	11.48035848	14.11350201	19.97808591	25.79738788	16.70713785	25.87095164	10.57728253	17.77025487	12.53246047	13.75235598	15.1641929	24.70336673
55246.64073	10.72222578	13.50480359	15.55425721	12.73805123	15.0279804	18.17824618	12.23323082	18.03122333	29.99432739	14.45299661	13.67739283	15.84820576	11.00777144	13.57413358	18.69709411	25.23499195	15.90422299	25.90994303	10.42980535	17.52616672	12.00262599	13.65899838	14.90410626	24.82809692
56146.64073	10.42293243	12.85753798	15.04366856	12.30781699	14.43779406	17.61873244	11.59898564	16.95279089	28.14564129	13.98440098	13.06596054	15.51601909	10.51535801	13.079195	17.70267793	24.31098553	15.20953839	25.62124875	10.27809864	17.25680938	11.52203166	13.64388135	14.63621262	23.90570968
57046.64073	10.14227594	12.2094758	14.58007501	11.95079677	13.92870942	16.97217916	10.94654096	15.88420622	26.56255284	13.49411352	12.49833853	14.99228011	10.04998402	12.6098131	16.9639966	23.56410994	14.61156939	24.95264641	10.18405788	16.9556503	11.13593112	13.54236756	14.43711609	23.45653867
57946.64073	9.877437536	11.61950361	13.94690113	11.56839983	13.29566702	16.4489318	10.44698624	14.87056814	25.04839823	13.06391952	11.93198596	14.63401732	9.658112115	12.15054051	15.98683536	22.87477341	14.17981609	25.34813057	9.997896017	16.6190018	10.77108047	13.52584108	14.31641176	22.95334391
58846.64073	9.666894667	11.07303128	13.23301243	11.19347791	12.80914703	16.08058345	10.03059609	13.8024732	23.18854762	12.64748703	11.48193113	14.2067585	9.337879676	11.72334645	15.1680024	22.29263536	13.8479476	25.81020728	9.814662677	16.19888777	10.52615773	13.51889383	14.25739806	22.20977945
59746.64073	9.470707353	10.59652672	12.53748602	10.92159792	12.42391618	15.60593398	9.622262002	12.8328823	21.13260901	12.24644435	11.09514193	13.75737533	8.999534856	11.30914261	14.32684012	21.82774154	13.52293526	26.09054062	9.66997388	15.86094945	10.26819426	13.48031381	14.20277594	21.69782621
60646.64073	9.216814451	10.23708447	11.91905668	10.65592464	12.02826496	15.16251842	9.18782545	11.92342276	19.12515589	11.87141624	10.77095036	13.22210703	8.722675668	10.94828043	13.58585357	21.28215119	13.21865688	26.30374658	9.514424897	15.46549639	10.06624979	13.47179204	14.27102262	22.06087318
61546.64073	9.001673553	9.85613316	11.40072229	10.38213069	11.64933925	14.65120937	8.912135516	11.14973999	17.71443143	11.53544683	10.46268056	12.67994733	8.482395081	10.66766326	13.03268173	20.88972566	13.00263539	26.21926191	9.339303401	14.9834688	9.805173524	13.48629594	14.28505804	21.09896443
62446.64073	8.8056789	9.526479422	11.00627076	10.09257894	11.31432755	14.17828744	8.611472836	10.53977998	16.5399618	11.26961955	10.21009974	12.21413428	8.232941706	10.40324065	12.41380273	20.22845971	12.85643644	26.05700575	9.179478878	14.52765455	9.659075099	13.46323483	14.25472314	19.688619
63346.64073	8.639432338	9.268797425	10.74838438	9.91744392	11.04771402	13.74338041	8.305746802	9.991566143	15.55667635	11.03837586	9.979400337	11.77608628	7.980163876	10.20620959	11.93272339	19.74477344	12.76397729	25.8869877	9.045804354	13.9404706	9.476883203	13.48067816	14.29798127	19.2160376
64246.64073	8.47693651	9.04792983	10.64468808	9.752677484	10.78307305	13.35110778	8.029821019	9.529481668	14.73814541	10.77856525	9.742119797	11.41988157	7.80505721	10.00948134	11.50020079	19.193052	12.6839499	25.4532952	8.889924735	13.42819613	9.347630448	13.39275389	14.3134666	18.61828599
65146.64073	8.277177903	8.831450472	10.51267228	9.552491314	10.54029915	12.84971246	7.656298614	9.133926517	13.92394124	10.54987097	9.541755158	11.00050077	7.653075078	9.8533769	11.10604941	18.66590578	12.66722928	25.13434248	8.808041488	12.70171411	9.256717313	13.27114907	14.36630917	17.96826211
66046.64073	8.104047308	8.57891259	10.26425473	9.315176128	10.28997372	12.51242137	7.37815295	8.725612499	13.10988681	10.31832275	9.344848163	10.73741954	7.486516705	9.65087433	10.79547309	18.17664622	12.69999994	24.75474473	8.686584892	12.12248185	9.139309572	13.02537609	14.28811914	17.65951123
66946.64073	7.986282617	8.428034569	10.02017237	9.102781318	10.0424371	12.1158071	7.148531227	8.33315077	12.20138144	10.105397	9.159713806	10.47375537	7.306568999	9.510401726	10.35315303	17.32603391	12.72889034	24.39669987	8.560520843	11.61900621	8.977581753	12.74795626	14.18685051	17.15372829
67846.64073	7.842095939	8.205803069	9.744528712	8.956884578	9.903292888	11.82029715	6.9313098	8.030703578	11.46569267	9.923110706	9.029926899	10.19088006	7.211182922	9.405606245	10.00717744	16.67748733	12.7715893	23.99597085	8.51945245	11.32466891	9.017317207	12.39722505	13.99881833	16.7266698
68746.64073	7.724674482	8.010379797	9.489975293	8.772853434	9.756817853	11.52380048	6.734817473	7.739748775	10.76410822	9.698992909	8.860660538	9.92964377	7.141135941	9.253813825	9.691221716	15.90385297	12.79181053	23.23435852	8.398827875	10.99640346	8.9037689	12.05606879	13.76875419	16.28863771
69646.64073	7.628146289	7.885070746	9.220897834	8.607048974	9.513246201	11.22508903	6.590219438	7.536439343	10.14606393	9.515678016	8.656104299	9.635809804	7.035589701	9.141022736	9.306170723	15.19229736	12.792293	22.19295331	8.254317236	10.86770169	8.802330283	11.76235736	13.43576637	15.89963729
70546.64073	7.533807841	7.773988894	8.961572871	8.4507274	9.372926362	10.99649689	6.44217613	7.330483042	9.587890013	9.288121639	8.508256704	9.403636607	6.929144389	9.025892935	9.050292847	14.55887955	12.77727633	21.3123706	8.080450172	10.75297282	8.671243174	11.45808721	13.12172546	15.41564939
71446.64073	7.423870061	7.613935289	8.745518468	8.300587214	9.183150117	10.81689662	6.312066743	7.077241247	9.128800039	9.059754853	8.381314711	9.262813678	6.881731091	8.92163652	8.810629855	13.8494302	12.69421334	20.44967505	7.942828293	10.64410378	8.596120799	11.20954839	12.87028229	14.74462743
