Time	B2	B3	B4	B5	B6	B7	C2	C3	C4	C5	C6	C7	D2	D3	D4	D5	D6	D7	E2	E3	E4	E5	E6	E7
3046.6181155655249	1.7508339621466738	-2.8559941369383566	-5.8530519568915507	-11.10733458175944	-4.0657818760542943	-2.5420529488423149	0.14109028073015945	2.5178762306963183	0.18856709129197485	-1.4780127730810511	-0.15859358754716724	-1.1558855506388688	-0.64611764596738241	-3.6200167779976877	-2.2587007976653206	-1.2065939200907587	-4.9763764030957569	-0.80786145953321375	-2.6101966721707428	-1.1234861953370576	-3.37228602656064	-1.1732231035603089	-2.8140670126638256	-2.3042277543226826
3946.6181155655249	1.112757534890342	-2.6501469095140089	-5.1343249961536062	-9.1299987526016242	-2.9922107394629887	-2.2301725867469884	0.47736611888474728	1.74170194006904	0.39699779993879147	-1.1159410587242997	0.21285567381686391	-0.756947282131093	-0.24163747823329965	-2.5618234273295681	-1.582476814970434	-1.4090263464912274	-3.894667020443134	-1.2699993217509131	-0.36553322570083674	-0.70360557329983364	-2.4985988780259745	-1.2634062907857431	-1.9066436491217302	-2.2119429026186537
4846.6181155655249	0.78533179898563	-2.4334565576259752	-4.5299832721869171	-7.7537484367777614	-2.2162327898701744	-2.039117682659251	0.73814354454386066	1.2723765097024333	0.12777509514982169	-0.73730380586147293	0.56563301120981058	-0.33094436828848667	0.18021692658223287	-1.7514056909169447	-1.0672937100028037	-1.2278631988116489	-3.1898220058402718	-1.4221629065486614	0.23714979436977607	-0.48239983094840189	-1.8169278657075845	-1.0790206684059729	-1.3492295086163526	-2.0786779883883666
5746.6181155655249	0.54182643360693739	-2.3442598310278333	-3.9947488690797019	-6.7467915821177549	-1.6821300967443436	-1.7704988391553813	1.0250560571813476	0.97354554296915108	0.097722456995286366	-0.38506784077103362	0.71220690165962686	-0.014656014579593512	0.49922431342381213	-1.1681525690296126	-0.82856805208729123	-1.8065990687514988	-2.7820161807290358	-1.5086042859604321	0.77940470833478182	-0.22454123219151378	-1.249736068546935	-0.81254326345786465	-1.006863737518928	-1.9885025329422923
6646.6181155655249	0.36935180113177152	-2.1634932807212746	-3.5938625697641422	-5.86568636660844	-1.3187335080262166	-1.4896449592757568	1.3603982395385985	0.77572272500508821	0.11587247049563103	0.098052911173587567	0.83104037507427153	0.22458968107244476	0.88812798935522141	-0.75375523006747869	-0.588267008159286	-1.5314335384261564	-2.4784433248248137	-1.5473246662657687	1.3429879411230152	8.2239523348761012E-05	-0.93328806146165233	-0.43543593829395277	-0.82148756338869067	-1.9210048713043066
7546.6181155655249	0.33440399517594593	-2.0790081887652927	-3.2664878558658446	-5.0254932178386271	-1.09007977071903	-1.2689232558263106	1.7803023975024359	0.67635238477212223	0.19576184536952021	0.72156817142399143	0.87648305965196349	0.3289118514041251	1.3913045918294349	-0.44820590086588941	-0.45980524792194388	-1.042455425689039	-2.2119521674388953	-1.5147974706107399	2.012810592744021	0.22839716555602063	-0.66563747660898542	0.10219662739085639	-0.60392359277419572	-1.8290023948954282
8446.6181155655249	0.27986165378128225	-1.9942534837724357	-2.9437124074004113	-4.138470805207394	-0.89691243248358787	-1.0718003966916576	2.4813959548659352	0.606734788040107	0.26285297541122893	1.6163493664706155	0.96521517365913267	0.42454321730791916	2.0010883338557162	-0.10536089983974724	-0.25612921289356455	-0.083685714598003683	-1.9671664652461536	-1.4709981747609016	2.8031884360001085	0.4024410577353868	-0.40279969075018063	0.77490450122425492	-0.45312691354675655	-1.7621696025210556
9346.6181155655249	0.27004136586144489	-1.9106406810336896	-2.6786721170956898	-3.0725773838776984	-0.65745364385101912	-0.99726525808699618	3.5332625948832335	0.61186324566873918	0.35736798170227685	3.0646882457230196	1.1241974605054108	0.46230456322791141	2.9380842241246579	0.14820291550633352	-0.117559277569611	1.4251130823564204	-1.6010054555400557	-1.4134898793914028	3.9362715751983552	0.58088183461601917	-0.18383181944246418	1.7905153141389345	-0.19917325346354009	-1.6264283465401566
10246.618115565525	0.32783399239583627	-1.787642461778693	-2.39646682504574	-1.4760414915139066	-0.45618853271429577	-0.91830427176975593	5.3202240461506349	0.68467420509544863	0.48241751689942347	5.3461273153188786	1.386701682160473	0.45501227811239864	4.3750027133280014	0.527928243889848	0.086714443912412856	3.6453563525467452	-1.1347373928603926	-1.311569402947085	5.5122578300308369	0.88558267670029922	-0.0016990260662851874	3.2545340369306039	0.10921185031639261	-1.5517504659062658
11146.618115565525	0.40663882032505583	-1.6911467349898455	-2.1260689928029604	0.499416671753836	-0.11931285913483171	-0.86289318230382561	7.257933488292494	0.78022685272484638	0.75541724959938894	8.2021894544709912	1.7819978191123678	0.57837535218928982	6.5628863208111916	0.897785582157431	0.329552793105662	6.1383344965971069	-0.63956452894351679	-1.1816895416757074	7.7524879807852134	1.1644140888886347	0.27091589008448741	5.5666628532382978	0.5790976892702091	-1.426102064749686
12046.618115565525	0.45281449925468131	-1.5623824423203063	-1.8110041328307089	3.2135382225447309	0.33261778790421653	-0.73106240826897162	9.2142724578438635	0.91000412692426491	0.86323090618854925	9.3983262214998273	2.3930591186712284	0.63997382891575816	9.1600615869464939	1.4099401447402613	0.57201128734130979	8.61313779688156	0.066977747034019527	-1.0791693164235832	8.56367095085909	1.5446697063911925	0.49696430792771396	7.5877162313012336	1.22495255378658	-1.2733400699166724
12946.618115565525	0.52268139259780233	-1.4735323958839941	-1.4992344869785688	4.8699006191573657	0.87352898540880242	-0.6204182687651334	10.978112401461312	1.0249587744356286	1.1335349285705896	11.168581633022026	3.2804495004163843	0.74345977840902933	11.160599520578275	2.0741457378062149	0.733964648445544	10.082047275373176	0.94104153379941557	-0.93413811260846868	9.5013775595082635	1.9830563409739339	0.71404735546920151	8.7896958203729252	2.1464682880177319	-1.1311954027278122
13846.618115565525	0.66442841550055265	-1.3712548582499211	-1.1333548944065619	6.4062540120663547	1.6240807873301419	-0.42584535285199188	13.033670688733549	1.2037078655475395	1.3829161875309983	13.610689423337362	4.6064689346041927	1.0316998671884556	13.304234302049968	3.0212789949187195	1.0684805583319954	12.533762375039075	2.3294297169422107	-0.67003676624983088	11.275909755745275	2.6944998189238549	0.97182040502520028	10.5185743329454	3.5573401467678636	-0.8494150698663554
14746.618115565525	0.75467565811914239	-1.2439827978908469	-0.634081900168439	9.67640904511083	2.7868277378579	-0.26406670651430381	16.31361265474678	1.4110649508443371	1.8203877703991211	17.583926385867009	6.8976236543461811	1.3969953974587974	16.139172237067523	4.3967288723590254	1.4574015893432974	15.909173001083646	4.0146862109256727	-0.33079705013744287	13.428650469267371	3.5341176879028962	1.3373152319166861	13.449977015177034	5.8458551924349305	-0.53097355797596268
15646.618115565525	0.931858315470929	-1.1056021535772518	-0.0089259586477588512	12.602164929331831	4.4590113435025076	-0.0028824857316628559	19.976182353635174	1.7770479126495273	2.4161885937154794	22.13265695960563	9.490121512739977	1.9157959984122832	19.509306753103644	6.5781657180726558	1.9547132293876883	19.820351594251647	5.6385518552372993	0.083230812078114141	15.790306337056151	4.6458076434314908	1.7860329534856811	17.730145086602256	8.5128387323480688	-0.0038700369236501272
16546.618115565525	1.2064922090790993	-0.95838334591237206	0.868627629792959	16.293531586204256	6.267379576246304	0.31530910822411135	24.288000964220004	2.1629937863960431	3.2301422134720186	26.705078911859562	10.434884088673647	2.6689712966742003	21.881032605086215	9.532946734721552	2.6432375505815218	24.123352396982803	7.7935964483111064	0.703714234683932	17.254599439095092	5.8361024749599721	2.2130041064089845	21.869840009419963	10.521660502152495	0.60996868970757
17446.618115565525	1.4142283643206843	-0.79241027184693547	2.0959788798026526	19.919899526041711	7.5764027153513842	0.72778875099640672	29.352637338490659	2.6027939945018193	4.3704896645370708	32.195058042897877	12.04277948740131	3.8752420279299589	27.543727008848151	11.214047241032148	3.4744896816644495	28.83754681006306	9.68471599491192	1.5370818544613056	19.68931678613281	7.0614482466422732	2.7177319484623994	27.325017810588502	13.790010426636176	1.574155374743657
18346.618115565525	1.6692041226229741	-0.58915407901755934	3.7273252937359129	24.566664413393923	9.2934842663302533	1.2592071664858935	35.155234749554559	3.0570355731301757	6.0562052954930108	38.4755661722045	14.962159333856956	5.5320393525501315	32.260695834457394	13.221693977515397	4.5992154781472374	34.0720462842538	11.274850062061805	2.8267580451971726	21.898564195669341	8.04421539767899	3.249001337602897	33.15242419789876	16.86625010242031	3.1404931138124419
19246.618115565525	1.9861001306036132	-0.378651683259268	5.8415333097875983	29.617029137702325	11.981942276565532	2.0178109826455666	40.43190257383565	3.650237373569714	8.603161068962196	45.220752238293791	18.082431055344003	6.7907758256749355	36.989071840328933	16.670184726621819	6.1465024064298524	38.527468937642489	14.350866902343826	4.7846060499973806	24.300170630074518	8.9245872027937	3.7375052462179852	38.690248984796035	21.333811613163473	5.0551196089550379
20146.618115565525	2.191951896247113	-0.17358197764757047	7.9072707346783169	34.084114780747548	14.601362265720972	3.0765911001239923	44.846985961645508	4.2312030865875867	10.901080582562365	49.772958701732456	21.257408033324552	8.50023495568758	42.261417856365327	20.466436479259794	8.2846194898512735	41.607506594702777	17.577912393952293	7.4135471780295266	26.969260426300448	9.6855378394626435	4.1497570762874867	43.314362387240095	26.4040731584941	6.933110766448741
21046.618115565525	2.45561142526576	0.044800875438002957	9.7737997118721616	36.987070486412392	17.648571331056818	4.6172196896119848	49.101238801945151	4.768314931561191	12.433912178579542	55.115069736458118	24.972186800158589	10.072059668078413	46.206229290865132	24.544685969071629	10.570613266848989	44.190048377555208	21.500699013222228	9.6477333319464371	29.808374574923608	10.244693897563991	4.6275585905587464	47.524662128102051	32.143532470791946	8.6819955904061441
21946.618115565525	2.66964403104665	0.20839829043102123	11.619347746589964	39.587596153919314	20.731177386974096	6.3393594890405343	52.886263623539236	5.382388658079873	14.440677544538051	60.131439283245967	28.787212986638067	11.87890709419047	48.510188501238815	29.702160072500082	12.363894425035499	46.81778809604004	25.085607245602841	11.335246519018881	32.997184246683524	10.906813235992098	4.9769577398598619	50.937277082790892	38.388769193680574	10.536006912741504
22846.618115565525	2.8722241151788226	0.42366407466520184	13.938759262602474	41.50087627505944	23.37037544726633	7.8426179392193323	56.496988500856169	5.9574379892017122	16.827370922745111	64.298595879941985	32.949484223821628	14.007027550891577	50.545014626455931	35.679990850166533	14.120065378830601	48.718830783193994	30.094940281655781	14.396473635020534	35.83104403542746	11.565878824009127	5.3330764408637084	53.582674599913915	44.329642461906836	13.245403671341984
23746.618115565525	3.0293384643452868	0.62638986572632493	17.100344831717386	43.876897352415092	27.033210517009376	9.7743430140678367	58.891732620708829	6.5626065094374875	19.73733002933259	67.673225271474081	37.246418413487142	16.468408173480814	50.15393459193151	42.658074043377994	16.8320785364554	50.4223195470637	34.896818783027719	17.799820689462006	37.872329034690623	12.279170953619996	5.7708933758203447	55.217696335764515	48.896114823859456	16.694171263267219
24646.618115565525	3.1253379184924048	0.83012632691688182	20.567618264042149	45.571949127588709	30.564586494133934	11.677808340667799	59.658319435157317	7.1971352501169941	23.158083949310413	69.37351819781864	41.759506919313587	19.184639242005122	49.687797034557754	49.740471999601759	19.8328349744409	51.279355530266528	40.256416060131158	21.229087179468383	40.183191387412123	13.090108183257637	6.1662827931001729	55.764862956107365	52.01847213804708	20.826375482438948
25546.618115565525	3.1904801570963515	1.1102870106193092	24.493819792881663	47.233131044339906	34.728551201929768	13.759872506566779	60.020834957666231	7.6519127169471046	27.048188983014121	71.813008124286043	46.014165021188809	22.521344764084795	48.471305735509027	53.977929822554856	22.845373994438443	51.660600221764604	45.353031192200042	25.335475553170969	41.606135121891434	13.866815898138691	6.4624645652403929	54.702521077214264	54.929518793453092	25.279366890818238
26446.618115565525	3.2425136288393728	1.2991705105382312	28.873092708553877	48.287563309981117	38.492833980877826	16.024068113277117	59.6312907577065	7.9753605368769955	31.624946909728294	73.652348267264642	50.021730059321321	26.359617021561604	46.910729546297823	55.990173574541231	26.432261161393278	51.09239073884752	49.334670484701206	30.056119555139436	42.74594528798535	14.591590964072228	6.8167392724704809	52.76488970704915	56.780558586423275	31.129799044392438
27346.618115565525	3.3671456587637087	1.5620705955319509	33.46160027567749	48.015438049855987	42.404035636754429	18.644126738025182	61.909978187872639	8.3360303631219974	36.346271048910069	72.739727996678866	53.631551466951635	30.955963319152762	45.637272941954095	55.279246640422635	30.215140762438374	50.681641682526205	52.308696376858421	34.2375452461379	42.795341619679867	15.230859705369261	7.167588862477559	50.398109455223619	57.511583875173244	36.929921338475481
28246.618115565525	3.4617534020207814	1.8081272295041073	37.985307015701721	47.565649037361567	44.995019441449685	21.473707632601847	63.399517051381537	8.6496392794026011	41.217226613645032	71.184185219280678	56.435199642543736	35.77621029792617	43.742935685364351	54.064160718534232	34.77267343665779	51.072198381807247	54.635866997322111	38.260209673859777	42.87429048595213	15.999448570879471	7.5959492008988292	47.429984250594131	56.666036052690416	43.369976456944457
29146.618115565525	3.4672672631085311	1.9954066652359719	41.65297506549377	47.135836115967109	47.038975429531071	24.446785756969021	63.3070743031898	8.8324466942403053	45.693964511787648	68.374086124321082	58.214126134619043	40.696198919097675	43.327097981377911	51.895797046270452	39.320044823437385	50.676805015838895	56.210554370921137	42.0461084796366	43.103589349042466	16.833097028413473	8.0664449918774981	45.640000691136819	54.590591835755667	48.7003936322595
30046.618115565525	3.5054170672646268	2.1343684911790475	44.048444039810136	45.635364242276019	48.03875216254756	27.655071539366087	62.9473855167191	8.9613321230887966	49.275752380259419	64.345268444544416	59.170748593335759	46.081397851328219	42.567461154973472	50.185015655619914	43.714672077075356	49.758386069755872	56.659298700341168	44.81841204619073	43.465520330123965	17.829526609923928	8.6629387471775559	44.537116216829929	52.108934465262514	53.0339573852455
30946.618115565525	3.4720486879698278	2.2608545070571919	45.240189137549983	46.071338953185382	48.547085841292059	30.621820878675369	61.942248466663855	8.97131534863779	51.745073162938375	61.305657888323829	59.938474091902847	49.977614356725773	41.974333907753291	48.309892935982276	46.47572349770752	48.188413063357849	56.545248171697935	47.368030747426381	43.648870121933811	19.022937568579735	9.2844173665427281	43.223794355385586	50.377952327293272	55.970836048214508
31846.618115565525	3.4294924801339932	2.3099856089577	46.07863314691101	45.803130507493506	47.605106802972514	33.298338398069909	60.584693605107034	9.0410784153360062	54.049127144443574	61.883903176966044	60.735271781136667	52.645348663293959	41.614143871167741	46.888124819679824	48.797947100164492	46.913972239076358	55.815501140389046	48.743985955614704	43.80714652233285	20.248917915798231	9.9197774078133136	41.909239949304443	48.776139375214164	56.636494940577137
32746.618115565525	3.3223806836492717	2.3122977468559194	45.149982601768663	45.26141615219565	45.80872287039967	35.236285954122771	58.570085065308383	9.05368384411615	55.558471908712406	64.284638790871483	61.45416622871101	53.6186941780414	41.459408275741147	46.018966707465928	49.796992392047812	45.346026827519786	54.908632087575214	50.557362512598267	45.148332032987092	21.71027536461936	10.582474676879839	40.655875849909357	47.11916650592633	56.964888654862357
33646.618115565521	3.2172777316216576	2.3012798056089387	43.626606351140204	44.819887922952887	44.685598359992092	37.239279770898953	56.304066038835032	9.0800327461516215	57.501371351456015	67.725053763697858	61.202787251122963	54.478853790371957	40.763958794191332	45.192427166547766	49.781838212707306	43.733274711706045	54.143525262225204	51.03229449074248	45.696647393056956	23.323767926595011	11.211689153396634	39.220849245245191	46.197406701771762	54.041831759746707
34546.618115565521	3.0988304301877143	2.2983678276367985	43.460811286074041	44.27260833451475	43.176473077227854	37.917196445498313	53.393308068581725	8.971690812683411	58.527202611645158	71.2151079213665	58.918453988683289	54.110284207409478	39.903168547431051	44.925216477345082	50.442418266445756	42.0895331434294	52.318690140805764	50.383370059662816	47.3826241892605	25.195775341580383	11.91967471443477	37.82345011242419	45.445963624043792	51.220429839492468
35446.618115565521	3.0446462945377148	2.294138062278003	42.854435458317631	43.619005089413761	42.397596222469915	38.273884987030073	51.815260006702943	9.03434682139424	60.490716533720828	73.868999540997891	56.091236665106415	53.818049247102358	39.236512942303321	44.178572579506273	49.546214460212617	40.229964628386661	50.88089939479898	49.497491279517249	47.9498925009474	27.067945735013438	12.583746444461099	36.36752196381	44.038335019793266	49.05566483920451
36346.618115565521	3.082710461533559	2.3507848319109756	42.406360375073838	42.181389995128143	41.942960525607759	39.252292660066317	51.671441547708383	9.14562067598858	62.298858338400578	75.954776172941479	52.843233682874875	53.60257613187413	38.76222104541047	43.700758282096565	48.652248843444	38.21529356615995	48.760778568556553	47.746738276352872	48.774995004804644	28.969847164094826	13.132603700918166	34.771787673652632	42.540233510303175	47.433481276936455
37246.618115565521	3.0380030347406994	2.3346719160962635	40.989203333325342	40.675694846286177	41.960166815187158	39.670438788469234	51.053968209234171	9.3000113915287983	65.090876319645673	77.748640290694055	50.485040101322241	52.72879781928458	37.880680073332272	42.7901679414337	47.961438497550404	36.146798033419444	46.422591721555932	46.424539433523748	48.258742883246612	30.633376833591175	13.606639262735641	33.218962628678121	41.074390848500379	45.9453159451243
38146.618115565521	2.9416642037118321	2.3628926669405654	40.29374905707644	39.172712021153686	41.258239676295858	39.762875676486331	49.270603560565604	9.3214852511465658	67.5032669957686	79.639967944199142	50.999949392571622	51.333781507672072	36.842360978761754	41.857466958929386	47.6913033738185	34.191750042697571	44.525145077535306	44.886029228244873	46.224716524708654	32.294477252657657	14.07299199108645	31.383261075558064	39.819655393265514	45.020966408735717
39046.618115565521	2.7536855876199855	2.3079552518889686	38.693010269943464	37.518573434357918	40.729457771215728	39.713315151357811	44.98264766011291	9.1945084497593914	69.094939835351568	81.132835306694844	53.792868662826749	49.12029325883266	35.943121461329945	40.936221301859078	47.691010964984528	32.617041439294333	43.403739437879196	43.080457267762029	43.235352893855207	33.816418506293331	14.593699432828554	29.754701816428057	38.264142606843	43.281916778446664
39946.618115565521	2.4157882118204022	2.185438341847624	36.833092807124814	35.625816861061196	39.92937892546248	39.511104475203183	39.4454858137134	8.76555800882317	68.839607308387443	81.792517022027113	57.553975705560795	46.346313375063737	34.453096124591411	39.534155357139383	46.578792579180465	31.027555963755638	42.178550042323877	42.462763052073086	40.355180322238063	35.093138346727414	15.145453541629243	27.928369441551453	36.542387616534583	42.500545159116122
40846.618115565521	2.1166619680402157	2.0113764885238603	34.638500396464522	33.778029486013338	38.657046598712967	38.389746153052705	34.052189282975526	8.3385726475323221	67.268052354747738	80.874360988238521	61.513534287053027	42.864311951082207	32.8480180612215	37.893048529594388	46.318274936486141	29.241234286549435	40.558900838075139	40.251985939957109	37.809729047088176	35.695545058093209	15.707249695880925	26.41507216273969	34.728538282584	41.185513694773434
41746.618115565521	1.8742904312644955	1.8985465253858536	32.775052106845131	31.208192759549245	37.904404933070573	37.930413921136015	29.935731939306731	7.8747853463667461	64.716463594904155	76.501522594938777	65.783590415171787	39.747647268713187	31.175550333298681	36.228081965180444	45.314229463636941	27.125806880377112	38.511540137012759	38.727307456919021	35.469127380132683	35.969929964271806	16.284694911749536	24.742106946699565	32.975925240757483	39.931817435743142
42646.618115565521	1.7123338996391115	1.6941316878824642	30.687098943305255	27.871422779809677	36.399734946545166	36.5203369312824	27.065312205082993	7.5024729223035314	61.6830481182677	65.195888824467431	69.857423955984146	38.028621256221989	29.383268767542059	34.360274862943562	44.376662271648243	25.098502241938522	36.947588352943491	36.970910905251742	34.12881802129364	36.597577934217817	16.98796503559662	23.007407088136048	31.243118997129621	38.502332092120213
43546.618115565521	1.538449566538008	1.57395688549316	28.420136639117036	23.82252304077905	35.021909486241746	36.046905309862638	24.936749616327887	7.0835609542528264	58.234713586870519	51.337927352029233	73.578838718364	37.821379205498445	27.237403836439992	32.131550940980851	43.108497272178965	22.856613599264687	35.210677018505258	34.754082312841156	33.711604856073009	37.007786290855556	17.771936158551231	21.422849276296084	29.472053657814882	37.13803460188926
44446.618115565521	1.4037980632333982	1.4320182421998879	26.78373592977723	21.399001002701858	33.790868540133289	35.948873850294042	23.273189792611408	6.6870127056099919	54.54871475894091	43.491441170129647	77.159656587586525	38.397564677386974	25.367164094504371	30.364566597238493	41.415383318200163	20.764935923659205	33.016108781716255	32.509556347932666	33.626861487698946	37.066715905988772	18.662170516775937	19.997684655087465	27.85443968199279	35.579666801602045
45346.618115565521	1.321245418648509	1.3338075815323589	25.0076435851989	20.009641977069659	32.404143480003555	35.610275613843839	21.927767642433636	6.3608078409954452	51.478457425063617	39.733473909624166	80.29907485682314	39.582441084518891	23.808873149414669	28.442957451481696	39.319024236396274	19.018376842502246	30.727079279284343	30.657501108315603	33.131941940472828	36.478395762518367	19.844337061602864	18.980078498537708	26.274709074957233	33.7828750608987
46246.618115565521	1.2326809655311035	1.2404572014869093	23.196340252794311	18.915415377027372	31.188627621321444	34.609145031048165	20.757524016979385	6.0516590147528522	48.802034699857238	37.6982607039884	81.2857016403463	41.193178460666743	22.275098588534028	26.377486502758366	37.016824226513656	17.733188262257276	28.418290945770181	29.084497457701318	32.047698466598654	37.23290910735912	21.270656138720703	17.803913870000123	24.772056495738418	32.061907164993144
47146.618115565521	1.1308075377497904	1.1124216167783423	21.50973919202881	17.816629408386763	29.724833381492981	33.9518561799121	19.759394670674812	5.7984562606300152	46.489558699179995	36.1445458845841	76.610052755234378	43.135566252816169	21.077014081512548	24.462817178590843	34.169347147649546	16.771430166792857	25.935910646498233	27.836473241668582	30.283243394660495	37.128507268726892	22.723449613793722	16.780274406786322	23.572536865866908	30.397174813935735
48046.618115565521	1.0769169735801931	1.0618200768817581	23.062116108146469	16.649609745273423	27.395853554441974	33.267454683248609	18.985769884896953	5.419655356246694	43.206224993635672	34.322195615550946	64.1671254227402	45.231247479852222	20.055456508649353	22.716525080547942	31.173256953584957	15.856533980253015	23.59058456623189	26.637643239845232	28.13095866891371	37.008462913493254	24.38630211358457	15.97298596864001	22.551422332682087	28.549175020864858
48946.618115565521	1.021713720757127	0.88242317713316043	18.540173736920647	15.408863715545197	24.915147472470821	31.922773901179948	18.284813791166407	5.0792772106391819	39.121940073793745	32.471813495039811	50.555501646867761	47.194249766803189	19.108262782265744	21.2757546407735	28.546683136610223	15.003026597942583	21.609832753053777	25.339048414034213	26.105417180879254	36.870288407607447	26.286941756433738	15.250075817459114	21.452595947407072	27.04443392746726
49846.618115565521	0.98759525044554552	0.77133231965812543	17.022465670005346	14.372323876319769	23.113504921540414	30.871137533878365	17.685562265649708	4.7531821652453523	35.297859060795226	30.961801662445698	41.50072548497576	49.62539205709313	18.472664688547123	20.194809539983254	26.167987942184492	14.09306099558882	20.029058579174713	23.98929991565667	24.202570101399516	36.981895107004327	27.889880148681186	14.723078229715908	20.591749461271448	25.531670875380939
50746.618115565521	0.95606169682674291	0.65495585052811034	16.005596111293812	13.507948219872988	21.601476870514148	29.992418516996061	17.172293707728205	4.4968617649614373	31.9691516113032	29.755293820974803	35.976262150598373	52.405762196518047	17.898600015571681	19.398379935395141	24.14089655105575	13.351847837697061	18.744147060455855	22.622793195020137	22.438227433659009	36.893763804575279	30.406286323764146	14.181799371616153	19.810280167103272	24.426801703720173
51646.618115565521	0.89617470415165357	0.60883283682451339	15.019178901520109	12.786792750661137	20.168470055152088	28.785120180061156	16.64721511459997	4.2060560030298779	29.306638322667837	28.781486774346604	32.980727207641777	54.86132549842921	17.380542829051837	18.777367561237664	22.063882054262422	12.68758496920076	17.660946890237089	21.249691534299323	20.99854910646744	35.966595324382631	32.000779499718412	13.7546908432438	18.98473556273715	23.226222598999389
52546.618115565521	0.86568142956923255	0.49262951330343319	14.226037184011792	12.095949237927304	18.706122463525524	27.67440449847825	16.231197652660086	3.9949370622747744	27.099472655538641	28.055669096142697	31.296370599129272	55.601745844936858	16.985482226917458	18.281262535141995	20.405316852564912	12.047179395559086	16.634943381265156	19.653487316887251	19.855504827846467	34.560624604674665	33.9498308505945	13.388932910291066	18.064226139608653	22.1502148156074
53446.618115565521	0.85467083630376739	0.4380979997343421	13.525859648269204	11.589009465612401	17.458502016363997	26.385515232185938	15.806183287503369	3.8242200994192972	25.351087298158472	27.455632615053172	30.050568054769915	52.25407728952316	16.603766342837265	17.81501754727293	19.18375309325393	11.496400463380967	15.708729920213481	18.149626599934148	18.886082162219818	32.757743364718955	35.554410525032921	13.063779539442367	17.242176676486121	21.101699468459412
54346.618115565521	0.76651357331007663	0.40304522255503944	12.925196110002831	11.045711767517448	16.315599001057087	24.717577424932472	15.426445652414417	3.6899233323110838	23.75818614757971	26.834940016001006	29.107243131616709	47.39194545985103	16.225265423937419	17.387666943327218	18.177000284653065	11.00202994212591	14.860155769402896	16.585327453967949	17.93375084175333	31.198172494736845	36.70828455960833	12.75400750881593	16.478334115532309	20.101104322377587
55246.618115565521	0.740429227260881	0.361735045804518	12.385144640735321	10.598555371094234	15.396158300862757	23.008061467865975	15.075465174230892	3.5473321202994192	22.486085430500321	26.211599516881545	28.297668571109877	43.783083470064028	15.910398860673654	16.952791661404365	17.288156076120877	10.522245244864674	14.090064942960296	15.478060879288627	17.087352129475235	29.401356972646763	38.533654286696034	12.460626057714904	15.921404836663001	19.286829988846922
56146.618115565521	0.7308142691724635	0.2998471857677999	11.932275810414197	10.113442359123882	14.593189600366362	21.379573329621046	14.712999678488758	3.4263474777345997	21.462185816714619	25.662231778440287	27.703367178218809	41.514124840492869	15.575521948209566	16.543973050479519	16.518876083865944	10.154383207850046	13.449323558919753	14.838242978783526	16.401935885410438	26.814408763814072	38.852954776651679	12.185266430272234	15.373089142965068	18.591341428233662
57046.618115565521	0.70044829060893676	0.28851740038086171	11.570330225754056	9.763583408316288	14.000350945208965	19.732505755420142	14.41626188395043	3.3261233855267367	20.587293753763635	25.059333801733956	27.179708115927646	38.900952559819316	15.314855892192904	16.130998572868286	15.922082010882898	9.8512181754325461	12.911806824617134	14.197684841234523	15.728857455715987	24.576986453488587	39.931778490142214	12.044091145479392	14.907393616460913	17.848081616079856
57946.618115565521	0.69295220621873033	0.26914298343139947	11.249224757569188	9.497195181810401	13.325824553736231	17.912016579361808	14.136643465299244	3.2496917635800426	19.784582416136416	24.580148362519765	26.682973095443529	36.004477635511471	15.003303492009398	15.794683856731179	15.303493900448659	9.5010437765423639	12.429202476671728	13.535874609983749	15.185477896548088	22.853315444151178	41.101835311530806	11.8243897935653	14.485083687794672	17.149887946064155
58846.618115565521	0.66762573882443643	0.23000765636442097	10.84348462958625	9.1789288835831364	12.792758102669364	16.169810843099302	13.893910984230216	3.0898129101641452	19.132601747728049	24.017422400901538	26.156764208264658	32.728283910918108	14.589665726859536	15.389958006953462	14.771243393755904	9.27562183555097	11.966111131872555	12.817000268571047	14.694817271682343	20.841664680510128	41.392646807740888	11.622602352510484	14.108210327138668	16.447020310500228
59746.618115565521	0.62930266531173862	0.22608060896415017	10.514297004308924	8.901108843035642	12.271048073648631	14.771077894544126	13.612828517198256	3.0526516778374133	18.458199370332547	23.503756035268392	25.677895858075775	29.904545903864246	14.32455771291894	15.049874101528253	14.301542366443291	9.0758788911426969	11.502120291317045	12.177084912760382	14.2861485013758	18.948423604901709	41.916293606873964	11.415312265660413	13.710506895485299	15.902777291001486
60646.618115565521	0.6053744793656316	0.19727373209102495	10.186006627300936	8.6613367597913449	11.833610657194848	13.815547514236737	13.37498763930955	2.9862930748293022	17.870244480266678	23.03754986517685	25.268710950752503	27.993963430846375	14.044729401163346	14.71976243698148	13.910758754212345	8.8760026238148	11.068228054033334	11.500586624693431	13.862975628420683	17.324111152872725	41.947452829530889	11.237621546148692	13.343379445568839	15.261806521302933
61546.618115565521	0.60761184907843147	0.14755779919569803	9.97339439913662	8.4204599466719579	11.349571876741342	12.965655739137274	13.183521231242395	2.86338196009788	17.387793458996644	22.514076700453678	24.886088999301254	26.866977149827463	13.723732755113364	14.393663001601553	13.553957040433412	8.6639595111460039	10.742167930610762	10.866573250806558	13.470766296828121	15.655231253108925	42.358620506373114	11.061485482338391	13.029101015719938	14.651733651723774
62446.618115565521	0.58466650153138577	0.12484938328660555	9.6921340834053655	8.21228865812996	10.938409928191039	12.268390599208175	12.939317464462741	2.8289189977305056	16.923828515852325	22.022979820838778	24.542543122897833	26.160816043635915	13.496802166062251	14.089986179088129	13.297278948582504	8.51179204389174	10.4158883911707	10.2735501701845	13.134874519342461	14.521872066493293	42.355720486324152	10.899892548183082	12.706487379972343	14.155009128730152
63346.618115565521	0.50547621399107	0.08024432353760616	9.5006616219042748	7.9973673434657737	10.482387148800484	11.481870439532852	12.775374723081074	2.7370178343882432	16.483079370690326	21.547880230174528	24.219586616159745	25.620523072083664	13.24641050672177	13.809991169395154	13.058200419504841	8.34470809926162	10.13668056991061	9.7846202041498742	12.868216335594083	13.535076345841969	42.20093883916487	10.79351091740644	12.396391991696419	13.620475257058912
64246.618115565521	0.55855705845344628	0.058960171847283874	9.3439915101439688	7.8544863210898521	10.144214369347942	10.804590697702874	12.557565515814421	2.6918480410373489	16.073988302405073	21.068530520910766	23.921392982450946	25.254762177650807	13.072635036050622	13.517204796867631	12.866170640453381	8.223423286333821	9.8744026354203189	9.4266393768124921	12.642264806791987	12.996050018717952	41.737047689201844	10.580155631983601	12.165095080604381	13.226676276757832
65146.618115565521	0.49102814523096744	0.088604507840115754	9.1802685149205665	7.64130402568398	9.8431040101926062	10.212962837029286	12.361452379047142	2.6387272610527259	15.662010074747169	20.5866867383104	23.597609274431896	24.926177093519392	12.823870202399744	13.216392204601791	12.679435704307029	8.09251148313497	9.6353038398616526	9.0645320303700387	12.378948447023996	12.632562659705021	40.5628303471607	10.375858357888957	11.880589912703542	12.788225469316712
66046.618115565521	0.52576565383070883	0.064566940638391718	8.9420508058251649	7.5137411681479707	9.5598522660001723	9.7103856540102171	12.195840812112444	2.5478597688030584	15.264228684304355	20.079700352793733	23.238793202368459	24.640004988131423	12.602683858389622	12.997541441081182	12.505797984101651	7.9637698002795494	9.3953694153366989	8.806449163438689	12.116260658248283	12.546507713775688	38.748670764416708	10.25392529357598	11.676718756939637	12.368439269604791
66946.618115565521	0.47624654331895083	0.048218775397462943	8.8923295391562363	7.34592176328472	9.29678968753298	9.26482040150996	11.993676803483433	2.4756050149691906	14.932611212761852	19.586339704175124	22.900102901697164	24.444182883113363	12.404983633244717	12.721450117055284	12.366823628754306	7.8619152253543891	9.2329044317123365	8.4788052865190746	11.94036025861552	12.298431942877821	36.3428140496984	9.9849791449636083	11.462560835642297	11.987838040787763
67846.618115565521	0.45879507120302321	0.02801955751831996	8.8668492798861465	7.2415023543435488	9.0885264975960744	8.9097129692510286	11.806457839008727	2.4859630402509159	14.543170869652085	19.0554122740286	22.542417503311235	24.221929202209235	12.137430501912634	12.462317423627221	12.235943743459728	7.724271692611393	9.0612650428472072	8.2070025895767635	11.750560394939511	12.061979401269243	33.154482295604979	9.787862576776913	11.249780470314036	11.633911275646685
68746.618115565521	0.43013193871308647	0.040335995643836275	8.7230486625301	7.0620463704173035	8.900533543463137	8.5507163437297322	11.653290116848742	2.3788672042378951	14.187479416387403	18.528973894721982	22.227701791491132	24.02177964883855	11.9396001287718	12.199987283052378	12.095151551616524	7.5905497660054015	8.9104979312834089	7.9576798166236236	11.537853154763029	11.646836454680466	30.5330162268208	9.56053819667311	11.041392971239226	11.29753942484774
69646.618115565521	0.41219693546592218	-0.0071818704590058948	8.6084431177509142	6.9738146893306876	8.7571900790057988	8.2686419251683638	11.463390170449232	2.3320132539796177	13.854609870970551	17.919881364104349	21.826386877400015	23.83816986029769	11.670289711245596	11.97063872813556	11.936234476656141	7.5207718902294687	8.7607499962806248	7.752804551523627	11.330019290370592	11.169261917404045	27.57330652839568	9.34588231244912	10.799812121905056	10.986200371864465
70546.618115565521	0.37383664719179494	-0.032951961310323054	8.4445427219102953	6.8529383641876738	8.6044583999411621	8.0069151226849584	11.302399600892521	2.297594462014354	13.489126213503903	17.33706059577105	21.532913757787661	23.661051335324245	11.494812608725969	11.755145394559362	11.8122735181438	7.3795616165646969	8.600360355045531	7.5365666831590321	11.114861685469471	10.736517266302723	24.491439361089213	9.1232520143190623	10.637798184020799	10.732149301072875
71446.618115565521	0.38292671167543396	-0.071132014244673289	8.233745398784226	6.7370035586818826	8.4586966821044189	7.8232999863321888	11.124638218429276	2.222440355814824	13.1779605806886	16.691985656163421	21.081785422885893	23.458992068155403	11.263301920818698	11.543114998070475	11.643182747921065	7.3061481597628992	8.5193690630517427	7.3161385158095511	10.928019352850136	10.386275991268114	21.714329473545682	8.8962897245882289	10.451678736522487	10.495743855227742
72346.618115565521	0.39651442893218064	-0.0741138606156984	7.9693434707464155	6.6474533288718245	8.38431487943418	7.6534565387567444	10.951124621010379	2.2021642238843744	12.867435285466296	15.79557547874068	20.719183296957183	23.254944526145611	11.042986043326708	11.321596809662534	11.499333223289009	7.20857211464342	8.39923986437473	7.1963848203253606	10.787948105529928	10.002542071811854	19.594983046086089	8.7489031283236134	10.284970763767989	10.22463707152826
73246.618115565521	0.33008838070022717	-0.068571685374490238	7.7303592885397734	6.4532767409482972	8.178290559070728	7.4960049544461977	10.81428249104237	2.1372723260440361	12.458355441985898	12.590837093330032	20.300024196155672	23.057233145548217	10.836366494278787	11.133209532667102	11.329830213327218	7.0357000724877574	8.2880625186414161	7.0240552174117541	10.626944113284642	9.6028097781037545	17.864604950470312	8.5749344044644982	10.071616645324086	9.9998246237542752
74146.618115565521	0.33337615159435313	-0.093881496995469216	7.4580109794717444	6.08542252152966	8.04641281445335	7.32443179103416	10.658238062357597	2.0643589433369938	11.916258032618934	7.1971749287804121	19.682319958320338	22.831652123796292	10.609164993105155	10.878376797075042	11.113601296137212	6.6283745477399636	8.0917906588890443	6.8356612059858746	10.480613328894851	9.1637064175593022	16.148802841424828	8.3915204797812759	9.98305171424817	9.7864409365023786
75046.618115565521	0.32208561251801726	-0.10957289111581632	7.25153284942062	5.9523922712108934	7.9059476154436554	7.1956458826448868	10.513894611647681	2.0183532284304149	11.556433112338571	5.2114004195713477	19.26083919077006	22.637617310685776	10.435547894904113	10.704444776851609	10.967850678819037	6.4737006225428395	8.03116262145326	6.7001905317867623	10.318853275243024	8.9141270823645229	14.577895986775387	8.19580608333814	9.81417325323361	9.5880869358721483
75946.618115565521	0.30601067345405847	-0.13313515318618924	7.1451458699697747	5.8636780334663765	7.8377803062510845	7.1025278371019462	10.388615843427616	1.9921587763726421	11.371523191833928	4.6909151335182049	18.90044779796153	22.423958509579055	10.238634583685006	10.531001243452664	10.866960424606052	6.3374845821198447	7.916880164618731	6.6245159990091764	10.203487405763539	8.6785156102587315	13.365392704995067	8.0387894793203323	9.70298845561864	9.3226664462966742
76846.618115565521	0.31186192669591695	-0.12970313847041404	7.0245767077892145	5.7689558556103693	7.7012539531067752	6.9198813088530278	10.27515316037049	1.9086393478921648	11.114246408605906	4.4296898670551874	18.54916124380366	22.200539421371079	10.029485708530389	10.31502191000239	10.750817085772384	6.326317370066401	7.8388828212925441	6.4657067896975109	10.043365817405052	8.4054159071093935	12.323684816680263	7.9386134004807856	9.59676778330655	9.1384620328936723
77746.618115565521	0.2639083655762734	-0.17050471566307313	6.87171439143415	5.7212450225258635	7.5839209262870053	6.8763127204885928	10.110046212552875	1.913036552014016	10.913608727220314	4.3823257426550013	18.205763406818186	22.0229812232797	9.91434962517111	10.176225074337967	10.59463549175814	6.2838798739151978	7.7809924183846144	6.3990064978497356	9.9294728544056827	8.2149172992666415	11.458472207674694	7.8315150693530642	9.517658932731349	8.95292359940919
78646.618115565521	0.2956312292338234	-0.1282530534396012	6.7562707345857556	5.7109273869945367	7.5172077516501243	6.8059586872845061	9.960315288179272	1.8560955872632228	10.663695026948545	4.2832051435330456	17.912138993078838	21.876826012850465	9.75848121749881	10.056417886637213	10.473825412416279	6.2010505082018863	7.6993268442521146	6.2794686572831955	9.7850823908988769	8.0560526715296579	10.745619658208577	7.7075598087963924	9.3670163324883653	8.804364319336683
79546.618115565521	0.23175038457067365	-0.13900078853932063	6.6713849841778723	5.6396874227202956	7.4978383053069786	6.77751121087713	9.8257910803428086	1.8144969246729736	10.511966231599713	4.1622560238750923	17.585848961530559	21.610637906659115	9.65768433327413	9.8604582134378926	10.370069553448746	6.1675170385045348	7.6443249421079758	6.2345905001045105	9.723802909931	7.9155670840175514	10.151143735462892	7.6248726740715	9.3104231747867967	8.6431458695896559
80446.618115565521	0.26080257903893256	-0.17874061279759437	6.47471991741131	5.6127413818728789	7.4409753730483033	6.7056371312284284	9.6977311280896341	1.815824149477943	10.32208675866733	4.0761630421517614	17.2302966573051	21.410513643937225	9.5352320476782264	9.7343423440163068	10.248707649198208	6.1545852411532493	7.5687702437495723	6.1199339782152622	9.63835587855689	7.697562149641719	9.64135180144115	7.5681690353024855	9.2342942586095109	8.4999660441484313
81346.618115565521	0.26581549726588544	-0.16825833883711974	6.3033353896158451	5.5759374186792288	7.367249919322016	6.6565002194946645	9.5609846873036375	1.8184241338707792	10.155319049484444	4.0010879225542384	16.910030746808889	21.251643293929749	9.445476860691711	9.5936292783366657	10.160307181444216	6.0757976035239833	7.4871424063124259	6.0299227798284063	9.5455243966159529	7.6082688984648481	9.2130690463201184	7.4428336597680467	9.1792533416258575	8.3089842720850413
82246.618115565521	0.24472990265572236	-0.18794734513172196	6.169928416315611	5.5384836700437381	7.2811663646697387	6.6407828867316185	9.4967816245110832	1.7559153863904391	9.9857236170310184	3.9617763517195073	16.531462455938009	21.046687055068144	9.3155225146576974	9.4527076214550529	10.043154939179182	6.0170509712127265	7.3877247624800431	5.960014474379431	9.4806187009597451	7.4881030237267172	8.8747724254201863	7.39451479313446	9.0665657524597165	8.20342392550948
83146.618115565521	0.22729285452599243	-0.18714854714592233	6.0834591761760244	5.5422097094697556	7.1854174820522214	6.6197029342786911	9.3287772999408709	1.7143272051036933	9.8691313017077888	3.83319167950258	16.11989052645729	20.830561726380566	9.1644007514282819	9.354363101912142	9.9601746626155823	5.975211966231929	7.3243656412814211	5.9033023773247768	9.3686392209951315	7.3458117373505836	8.541943551543012	7.3176269335999118	8.9642923658542291	8.0762008980741928
84046.618115565521	0.26740098763267284	-0.19406810917394457	6.0255411609220388	5.5037488385644933	7.122342980846863	6.603267259536107	9.2557566287575863	1.7074333023563342	9.645561014361677	3.7586064927884442	15.684269611245139	20.623942863443062	9.07365453975314	9.2511180605814349	9.8565445873749269	5.8918629076191857	7.2325726562131711	5.8011480731258391	9.2207949247220657	7.2569885006061892	8.2608793213041931	7.2371523958749018	8.9213542356396065	7.9171785904578122
84946.618115565521	0.2037798641827106	-0.22820090016872111	5.9042242377195207	5.4495406360551257	6.9903194332383993	6.6131391466314016	9.1540333009261516	1.6829486802844209	9.5000597276854	3.6942844129645547	15.09450604180509	20.373178251041033	9.0150037361778477	9.0907226586736485	9.7630124384536217	5.8836598575288281	7.1222736146774279	5.7140279649811356	9.1347121790300267	7.1194349644870583	8.0769204637605583	7.203370360676419	8.81347030097001	7.8383669281346862
85846.618115565521	0.18946613819109573	-0.22689368977079794	5.8204153962896168	5.3982853083380657	6.8995055394102085	6.5311532254331288	9.0224880165324581	1.6590972047756849	9.3753262191314324	3.5514129876592349	13.475141013033566	20.07439779102252	8.8992660515143989	8.9741133663121655	9.6469540607693887	5.85795522212761	6.9997110446549344	5.6176270761344824	9.06545138860133	7.0038135938678749	7.8745698230704084	7.0860744213749207	8.7512259232120719	7.6863286685775707
86746.618115565521	0.21060328937010467	-0.17540712863209598	5.765397983898211	5.2803816757923894	6.5360452597431182	6.4537267332406163	8.8898173731939156	1.6544388942394626	9.1836450917778762	3.1417050126807879	7.85380964196683	19.582511933424357	8.7953610616888156	8.8637009373271187	9.5522436350415774	5.7543990089622241	6.6404115863483328	5.5204710464057	8.9895322368667987	6.9197602569735608	7.6934865781031041	7.0495689915031754	8.6034340583271351	7.58134403825636
87646.618115565521	0.20646991234675965	-0.17470642739385553	5.6780328401713582	5.213958978423217	6.2437418856289577	6.3179779566759855	8.825285365222161	1.6380152521334939	9.05911821222316	2.900868937913454	4.8664537457749573	19.15804568146492	8.7560769067696551	8.820901934614275	9.4307089548384528	5.6521580533331583	6.3300538882350939	5.37830366787747	8.9286164699640338	6.8010722293127808	7.4473739066101947	6.996991996257143	8.57271307234952	7.4629514111865314
88546.618115565521	0.18086190367905589	-0.20915142922707736	5.58010807702431	5.1639147881904384	6.11722422419519	6.2615112898646226	8.7159804220087356	1.6119138731870453	8.9611164958056673	2.8003764230035797	4.1010261570569977	18.85115963918842	8.7218652621642025	8.704580518795284	9.40173800555821	5.5591260695500377	6.2812064818183195	5.28772616243931	8.820159562023802	6.723926241743114	7.3724612214342464	6.9240163254721869	8.4111386747458248	7.3598169525251063
89446.618115565521	0.1956100575181445	-0.20462574255171406	5.5401653010515357	5.1446881438579064	6.0949184658641666	6.2632113426989626	8.6322023654023567	1.5916452912329058	8.8279002758498226	2.7358552393701365	3.9267694090209475	18.642415009176087	8.666415250403448	8.67547498705504	9.3185974976248449	5.5180608777556266	6.1715232471267774	5.2339032910435765	8.7629298222115946	6.6954677581133684	7.1466027909421257	6.8810577659254566	8.3992195646563168	7.2894260785627987
