Time	B2	B3	B4	B5	B6	B7	C2	C3	C4	C5	C6	C7	D2	D3	D4	D5	D6	D7	E2	E3	E4	E5	E6	E7
2992.64331557712	-0.34378053899655159	-2.3080351977934366	26.409114053465711	-2.3908742237689276	4.902551472259673	-25.356905314823369	-15.373947874295588	-31.081321368607789	25.391333012347417	-3.1222061565141339	17.795835195839761	-1.1393649702182813	-0.55467155753532593	2.7691913009521714	-15.030539658228028	19.123466898688502	9.5468186161140309	-33.09722339954957	-14.998257862886131	11.498172919614044	-51.857577572307861	31.353431282512776	1.9503426754146993	-9.570770464295812
3892.64331557712	0.046599872432263628	-1.2667317033803653	20.696630636599885	-2.1063657023785503	4.1513153060706856	-22.565378364649277	-12.454883382415448	-19.465618710403074	20.074937732444067	-2.3613901760273732	14.852004463624043	-1.1505649846098265	-0.30501109874301074	5.6123758220570208	-13.334497388105834	11.84428884847012	7.4724848859057413	-25.606219970402996	-11.133726596674981	10.272595246859529	-44.795116137835336	21.498191601434719	1.5235966736512014	-7.6533003768770866
4792.64331557712	0.20050460608019805	-1.0666656775180754	17.552744540032723	-1.7418158659469925	3.7720490357838226	-20.740906649595814	-10.77852557583782	-15.333643451573941	17.115273186082373	-1.8290548400456881	13.050143366464125	-0.814700668821061	-0.17410388214931183	6.7190859935188483	-11.803454335136818	10.133316726899528	7.2796175967507217	-19.461008926624668	-8.774212642590367	9.4388336237589261	-39.987382365135161	18.33854824880682	2.1693989232288717	-6.2358935909422941
5692.64331557712	0.290653028950484	-1.0259395359199304	15.305018467869843	-1.5250998484365756	3.4503518143566305	-19.2769632448655	-9.62354225707365	-13.438542451494314	14.891483837915926	-1.682110388218325	11.778117120954622	-0.462218937665419	-0.18734765893663688	6.98314566803342	-10.732017160643087	9.2572359227262471	7.2152782421551462	-13.475816694388762	-7.2013097231030043	8.70521126483924	-36.857555114752685	16.529164534531954	2.5675447765418187	-5.1542446774406505
6592.64331557712	0.26722780931693269	-1.0731977978481906	13.762004686302616	-1.3396103934862145	3.2223066582774855	-18.139572151756767	-8.7809356089787762	-12.292269549842821	13.398775966224381	-1.469472096415321	10.83007607596587	-0.50178271299437716	-0.2071948154635595	6.98331904452562	-9.9082275709339	8.5859724035174274	6.9362616180639538	-10.440955004828767	-6.2086485226604307	8.1437757834621216	-34.1764619462956	15.166544003931598	2.7443879825877882	-4.4717669674571994
7492.64331557712	0.374299235613285	-1.0437000543217836	12.428492315833296	-1.1083200056082141	3.0305406770586982	-17.153271554340535	-8.21499306483916	-11.466654526163563	12.141039565585684	-1.2368416262696043	10.081077656895916	-0.57683196744932419	-0.14496293445219452	6.831098542803919	-9.3215844402725	8.161310590611718	6.6971853369776273	-9.17995211354421	-5.2369360116996235	7.6144777026146357	-31.902014863823904	14.263936934602864	2.8151733041308358	-4.0206531276917241
8392.64331557712	0.49261133981364907	-1.0193998456401772	11.459081903808805	-0.88852852379585145	3.0086037071638967	-16.069084247496669	-7.702386538736671	-10.845618808340253	11.243402758310054	-0.83820819527810142	9.5573868090906	-0.52200630875746312	-0.12048638660028045	6.7377049682623609	-8.7516514076566452	7.8522254001689875	6.2517216922957166	-8.4231996733147874	-4.3758132226442381	7.2175744127023833	-29.931331610444406	13.605142067751745	2.5806189398238786	-3.7386001637088935
9292.64331557712	0.775667011687648	-1.0251442219668481	10.549216899971835	-0.53469348574964215	3.0139101050667945	-15.228847998484788	-6.8649118750298426	-10.330467543145492	10.420243247706955	-0.25433285578853837	9.1246592894951348	-0.43757374281217226	0.031372207600893542	6.5585657371766386	-8.36384892051391	7.7833115616051	5.8547943166155667	-7.9575037936004058	-3.5649832053515276	6.9237985050739868	-28.308753049939963	13.238306915888948	2.5534124419235864	-3.4259513362232026
10192.643315577119	1.183854236007617	-0.961836982981857	9.9242298730337311	-0.045431972451902808	2.99032470415291	-14.531248286073263	-6.0958727211654047	-10.087334969384788	9.7889108557362317	0.60761019486327583	8.7517972040848129	-0.38679174333188177	0.25001947745647346	6.3871677898849111	-7.87845529468196	7.9130403451777029	5.6270318483753829	-7.5673151444026967	-2.6945316533244594	6.6657631404318956	-26.880931013441629	13.137816631792568	2.5722447681652478	-3.2222439039894142
11092.643315577119	1.840268773421581	-0.89666449377159119	9.3917863829163437	0.80945207583248113	2.99624482174919	-13.931699771715808	-5.1920943548214362	-9.82107055171352	9.3609005605330644	1.6475035247196879	8.4294323057675271	-0.39660522645292329	0.546220787202994	6.2514820855325226	-7.4565430306271008	8.181754649681789	5.5267349804595	-7.2328769018669155	-1.7004176887671636	6.5116311456223812	-25.612104211747983	13.512834721353476	2.7405444496000793	-3.0002318013937765
11992.643315577119	2.7946730038617433	-0.90359510738227178	9.0241174638140755	1.8047080484496458	2.8913041813508951	-13.350480783898158	-4.0997713357469472	-9.6819683297198242	8.9692247017101963	2.7937440025320761	8.1391316017204041	-0.31846192118609123	1.0764938552657186	6.0817346015233245	-7.0913843734955382	8.4796889903843446	5.2749218365456754	-6.9300165288179771	-0.49026040418176492	6.3840690985120023	-24.470563010500072	14.469689139944997	2.7250160531880971	-2.824520151939037
12892.643315577119	3.9203121525208351	-0.785389689662991	8.6278671577145332	3.0426470131841272	2.8328923306570912	-12.798161431844285	-2.7738367133163129	-9.4305664613626448	8.6022492197683071	4.215806906427682	7.9051958201372878	-0.3245086210411508	1.7361124227503864	5.9958044452220651	-6.76683709332936	8.7554746065704681	5.36547731162256	-6.6266725407665277	0.85039717560180628	6.350390007180934	-23.422896426321429	15.736391357326415	2.9816217194585017	-2.6416518654472978
13792.643315577119	4.8559634993427609	-0.67353053959720677	8.31991471081634	4.5451420050155118	2.872414705013933	-12.291014501881987	-1.3492313573426571	-8.8415203796712838	8.408305087836343	6.1580010949754591	7.752911270762354	-0.28753202528224908	2.56689192827815	5.9567734648694177	-6.4094224234190031	9.3425829957352118	5.3391992111459636	-6.3921395985085585	2.1556973947878988	6.3480217363720355	-22.442235417820012	17.315293686562782	3.1783853292692372	-2.4822476042643884
14692.643315577119	6.0484549430343844	-0.57097443924906921	8.101664234910805	5.9786513647498793	2.8838938758689108	-11.823949194384547	0.22980133079820261	-8.4266306412292113	8.2300773411546988	8.53443427445907	7.7474317296031332	-0.22113212389490203	3.1407618715141417	5.8684873655205783	-6.0712461299146705	10.301834918500918	5.4964163425113153	-6.172229252751567	3.7437234008727631	6.37202367941584	-21.479340869779229	19.146027957865368	3.5100223107058088	-2.3059444852571991
15592.643315577119	7.4051274671782643	-0.40211669644267489	7.9064760377502648	7.431779571109483	2.9464294012458558	-11.455085036236625	1.9560790908491743	-7.8330870141906823	8.1611268502753944	10.675446474793519	7.7729230630421187	-0.12772273358002351	3.9083117261562834	5.830031284517009	-5.6989320418989351	11.639935588314177	5.7263069921681122	-5.9296038168958161	5.5301184514353023	6.5413225181586032	-20.639294974676218	21.524643796537319	3.9358565563539161	-2.1313070623786428
16492.643315577119	8.9954969585965969	-0.28302114171380294	7.7476152539500607	9.17313780820881	3.1478332385303305	-11.000694460025946	4.1239046855344021	-7.1409503834702761	8.07396602056391	12.840705151112024	7.9023953865465568	-0.051398889632586778	5.0397082539716989	5.8386081922417539	-5.3719771644034617	13.294815649564036	5.9979733918704827	-5.6763782509099325	7.4200789196829682	6.7260413305218227	-19.806621334379006	22.792558067306381	4.5905575982870737	-1.9937900512105888
17392.643315577119	10.954296446541447	-0.0968969163943954	7.55135478950778	11.043595238388489	3.3446488394556169	-10.573842435546187	6.2579328481824428	-6.28557745074665	8.0069442936608421	15.506249974145458	8.1923390266917817	-0.021106609804390049	6.62790879620797	5.8895926502550147	-4.9947383842551174	15.323360042681564	6.6933853498279916	-5.4714107391365081	8.91033172243083	7.00637872968154	-19.062091282804118	25.684891484757976	5.58213993534465	-1.7938499296088415
18292.643315577119	13.286369560459745	0.05052345998467004	7.7196587595361734	13.500383685560216	3.7213336628160905	-10.114402523917443	8.3225241092166744	-5.1166069040554722	8.2175727437285744	18.741839396076664	8.6329134256759872	0.10961588539961505	8.3023723565716754	5.9119086817550421	-4.6444128991971754	17.829534879917681	7.3856896363038036	-5.1743318746827711	9.8711832155595047	7.2673683111845477	-18.343947474268877	29.4771104691466	6.7668089508807068	-1.6186807366594689
19192.643315577119	16.092434367465845	0.3455954410503172	7.7305280954017865	16.351841208515584	4.268367833714799	-9.74834709736899	10.47008469144517	-3.7761872332425757	8.4120312309734953	22.679280800306834	9.3805242779427616	0.25471010239251241	10.09608886200918	5.997873782330152	-4.210229812966702	20.816540451672303	8.3890309349549277	-4.911990734781253	10.620097073317249	7.4052440045380239	-17.607099444193189	33.201229233134477	8.2631714001852821	-1.3706937608147003
20092.643315577119	19.336727546419162	0.57095362213854584	7.61624788162637	19.860339630181493	4.94886854246225	-9.3269648792875035	12.727318202737669	-2.3093121860161672	8.4963789145703714	26.664910547869848	10.252139647806592	0.29638640126249893	11.9708824918593	6.0387937250217734	-3.7685599012647693	24.977448963602363	9.84027739176163	-4.60478150059456	11.373402207697893	7.5065583122923281	-16.954288343538288	37.54234405115713	9.9327351667088735	-1.0563748589626194
20992.643315577119	23.078415865090097	0.93087316776293949	7.6544611535113347	23.1222305048878	5.84703402772469	-8.8706866482193831	15.218208594281357	-0.71620146212174074	8.8781867622101327	31.086727437777157	11.468319227489404	0.509588962921385	14.115948148766563	6.202040551465271	-3.2455833030590546	29.658338024141415	11.789307290432626	-4.2394179422317961	12.145206079738902	7.5420289660418307	-17.124631100961597	41.56992427166891	11.548236830539794	-0.66452916867849021
21892.643315577119	27.082295135106474	1.3321231479464848	7.7110135741096242	26.424016070044477	6.9439375529486629	-8.4071250065231879	18.161716834579643	1.7472880607749985	9.2009176361517113	34.570688718773162	12.86885392845951	0.69891370320321178	16.41243080868762	6.3501180701005895	-2.7845845256627588	33.810767830947782	13.374673113117664	-3.716685862265702	13.050373870777721	7.452695600678882	-16.451575698816921	45.434464817345535	13.588697168591278	-0.17575644117199687
22792.643315577119	31.648248948207879	1.9251670133014471	7.7239460397337769	30.444687117634789	8.4637273375782023	-7.8893045182385082	21.607977088779165	4.6249693455605483	9.6726248845904461	38.184935848693776	14.519885565368806	1.00886032584911	19.002729109540557	6.5035286763657121	-2.2735646634169235	38.256359920856291	15.392245602235107	-3.0778764109304086	14.20676894678169	7.42037186098995	-15.812524785663841	49.535539666848145	16.636105432876462	0.64923342838446274
23692.643315577119	36.547031881930678	2.4997638289087005	7.8673203047610682	34.179097385507809	10.241606344241481	-7.1546344870576029	26.213044468199428	7.3294536228385541	10.32332479515493	41.374989620533832	16.540616057371988	1.4812966620300323	22.102442697595837	6.73855586311678	-1.7538059248039881	43.354012233327921	18.669380211060073	-2.1026263416267379	15.51619748300409	7.3045195558148821	-15.186934001595478	53.578626167943909	19.476330908970329	1.545965748675705
24592.643315577119	42.072732129625379	3.2217309801216736	7.918549741244032	37.8845538660805	12.480027613485145	-6.2143436811258139	30.782908508058163	10.068932616714323	11.20224706882483	44.503475196211014	18.956251982751095	2.2036194507852791	25.182931509406366	6.9923209286548849	-0.99280831574778383	51.124473135911515	22.281317588322079	-0.65348251387682144	17.040885994499657	7.19407772851366	-14.567199685631318	57.6977156446211	23.626551013767997	2.8435955919794296
25492.643315577119	45.940723193191943	3.937973703124674	8.1252955774495152	40.802477669142966	14.840099763275779	-4.9845882719764241	35.762452387169787	12.720774973285611	12.134816267616962	48.651391664484748	21.808228241465294	3.2204413819199824	28.669830705741667	7.2410673013782354	-0.26274654657783475	56.020646725177457	26.223663748463409	1.1362434457100556	18.851528850433233	7.1490079567253026	-14.074244963634003	59.289138884438621	27.507014650922571	4.234270215886486
26392.643315577119	50.287956430127352	4.757530059099075	8.2190473086854823	43.048259628689188	17.175544345851673	-3.7318914015504174	41.4773891762449	16.040769345650062	13.145645434156977	52.279438304732778	23.841627001418278	4.327033778608997	32.84855498111358	7.605585687796923	0.53522752361100068	61.242818251977425	29.403554991622748	2.7348978499868628	20.812758439625725	7.14957349852131	-13.615969875251794	60.14660166029136	32.222333695869544	5.8539444817515545
27292.643315577119	53.5572002436482	5.7393849681986167	8.4540431485449812	44.520067323183653	19.735288215481681	-2.2196590142323993	45.773412655721565	20.046195923027984	14.496384316665374	54.139113145448675	27.164258982679947	5.56029906878694	37.093411414165459	8.0213536426929366	1.5356044756391911	65.541636730495185	33.8503111590689	4.8352102679184483	22.593561064991182	7.1762862603139039	-13.233396723020551	59.647925722301537	37.454736993611007	7.6407240524880082
28192.643315577119	56.728721626821645	6.9268109459554017	8.71444826670766	45.380123480945265	22.649498768650353	-0.78054795016867418	50.162182075759809	24.517550443486645	16.10786680227833	54.865310023475686	30.417963884452622	7.1493273044340073	41.501532548386741	8.4458328638591382	2.6486428672149689	69.001286454717629	38.963395289064074	7.36801243530248	24.2068421002962	7.2261417653913993	-12.84271419614157	58.5206410301233	43.1191409594272	9.8552998011576
29092.643315577119	57.911586061623318	8.2684464718844	9.02770233223987	46.246806413256238	25.526741151888846	0.72774554597811025	55.23973807375156	29.740157678882529	17.652926250657021	54.158572684434148	34.261777590208688	8.8790415963630274	44.946597715901696	8.93978228152017	3.6765000258658711	69.244404316437752	43.616857524232486	9.9152537026276235	25.996481521264371	7.3379344235396289	-12.484155034825076	57.127253040834709	49.733467387202239	12.563046767529331
29992.643315577119	57.557209361691946	9.6404553484523259	9.3715775780826238	46.553699534189278	29.272695167256803	2.5380556826790461	58.288004563546963	35.519008269509925	19.266450539562655	52.016038203215487	38.044961508965883	10.738202800211353	46.980888633522262	9.4215083263103789	4.7390500304830141	68.016615824742061	49.005836283900948	12.676057011276443	27.906040890412203	7.4092957351912805	-12.193703639134457	55.389442634463343	55.349118055767377	15.593488824981193
30892.643315577119	55.768669692779817	11.192088093627366	9.810806999260965	46.419788685898546	33.6497916174049	4.5619200499656678	61.801332844620475	41.173982691858356	20.963656642419835	48.590353191819432	42.292535336174808	12.693535028273869	49.204124071426463	9.9596575057021042	5.9071434503474167	68.115923236825765	54.867333150093486	15.384521980544946	29.199661638759391	7.5334080475871623	-11.86785853195962	53.429124051536739	60.223472200148819	19.28528781444184
31792.643315577119	53.231633129725623	12.890951883914497	10.250272322722454	46.25644831681366	38.442836844091069	6.75369076970926	64.0896537939645	47.039979448189271	22.499170866941867	43.933075895132909	46.652893786967375	14.649029228709718	50.113216938599791	10.545494680928384	7.1016358538801461	66.051048482452813	59.341508897088787	18.038083934342911	31.1103073246424	7.7324805870045825	-11.571780438341429	51.230659767879615	62.670374621793393	23.603898716267672
32692.643315577119	49.99985631727435	14.869548151923047	10.752997537092989	46.28929459584991	43.552858850335447	9.040359483646542	64.33655383696258	51.708644889765928	24.029123576177966	39.670657769970781	50.882284485411972	16.616934208144052	51.406559448216726	11.175903871480118	8.4525421797298765	64.871055045554812	63.627135683485434	20.773181479847352	33.904712372399075	7.9894435485534148	-11.302670776192437	48.6894524097685	63.329692660207606	27.611138193261539
33592.643315577123	47.213832931378938	17.035321973363072	11.392391418610469	45.666862480617304	48.3090389043467	11.203562650219826	66.036745389997577	54.577437206131968	25.592070310534258	35.65855593987861	55.199665396575966	18.559027189052209	53.078155748736229	11.852490280072193	9.7218391963277533	61.180584692754088	66.46494978271825	23.580312740764974	36.098383240994643	8.2766036406319365	-11.077146741573587	45.784394770471593	61.187337502721824	32.28607469157479
34492.643315577123	43.697596882117004	19.435341624785043	12.141602434142357	44.337116754998462	52.361114798863362	13.396566132370108	65.9969108186354	56.49915821558389	27.355801554929322	33.172449064468857	59.609577799545953	20.49773770365281	52.709505422569961	12.579825579034846	11.118925685644697	56.653883468619853	67.932732848805358	26.52401138745909	37.61736292644116	8.5589312635434354	-10.857527287001933	42.885874451931258	58.004699058786819	37.953560628486947
35392.643315577123	39.984009929677555	21.446566163081766	12.964974275507448	43.070313603067149	56.049393096489084	15.535534946317908	64.317327265197122	55.485092295362854	29.100092137506657	31.649843879698658	61.452091123228385	22.463657598382408	52.780330687897518	13.264080779236682	12.797862854102986	50.966340477371418	67.7984749010099	29.651610559589724	39.068312131968469	8.8933421792417029	-10.642551771265918	39.920347633398173	55.794484497127748	43.931039650283239
36292.643315577123	36.03888998090553	24.063869721167375	14.013823294448486	41.269464994689173	58.636888536591364	17.713818823190188	61.851566330923944	57.180763295596478	31.348397261646685	30.901499584568274	62.661314625271615	24.593314811131794	52.288979734390949	13.948123001794565	14.907090334002222	46.501119736488938	65.672553904503886	32.821302598368135	40.377816777081549	9.2594907663240491	-10.362306132084589	37.032650336751864	51.806790399735078	49.540305530048244
37192.643315577123	31.975806992218363	27.04791281024643	15.29259343410958	38.833027868319775	60.540871772771716	20.454313385152833	56.2417982590577	57.103017011518226	33.36217025899807	29.871626045774242	62.29188033428548	26.86739357727587	51.029290039961715	14.459453711397103	17.326119615710073	42.664759184655487	63.670563383176962	36.071655828248055	41.387465954971034	9.6792309649527848	-10.071577579330493	34.314831272626726	48.841029887555912	53.910259518777274
38092.643315577123	28.949939035184144	30.221800684027436	16.636011156941873	35.819144345848656	61.259109313235712	23.333079701965026	48.792703557146204	54.844326044082	36.11606045809588	28.152462077427142	59.306166406319264	29.2436054303969	48.99286783257056	15.122267833088179	20.051802524186261	38.855042979286054	59.930119830682862	39.21659252142674	42.081171867421169	10.095925215446329	-9.8157396371836647	31.805886463120679	43.786983661130748	56.407853023119209
38992.643315577123	26.589029407747102	33.309762097239073	18.282336297731334	32.724004342056872	60.273556282433162	26.846043540887038	40.914446624027782	51.49658347796349	38.751752751579083	26.67491003888674	53.547744405053209	31.580426959359826	45.870236851353965	15.830728599813698	22.218163883084621	35.163061779121094	55.622635455196317	42.088893208750733	42.381956887529746	10.604792340054278	-9.4484822317937311	29.714464962766353	39.051763311863283	57.757813378774117
39892.643315577123	24.962396706468926	36.616740981703245	20.134419097368422	29.642229015294593	59.952498783662286	30.252304356054012	36.089010259920087	46.527826062130146	41.894817437239546	25.099363175569778	47.797632274483945	34.158471719316275	42.000334225048775	16.569624891739906	23.416612557839741	31.565367171681658	50.674588829741261	44.320284368716223	43.598513531974952	11.173653992951991	-9.2038918371720175	27.572494260885975	34.766276301552914	58.376197701942232
40792.643315577123	23.947390377579634	39.882172597505324	22.340734344357251	26.804363417515571	58.502248667818108	32.863358257448759	32.578397351175227	41.00122562437722	45.497005552841713	23.794136620070805	41.993669062588211	36.707025577992184	37.064665336929373	17.448806267335822	24.484310397344867	28.123026030329537	45.937815089678963	46.081984379261385	43.961924799567804	11.705810980571297	-8.9665136921114925	25.991806372914528	30.587996279763789	57.268814595673661
41692.643315577123	23.128835172126536	44.01409452270574	24.746125031784395	24.302472993182988	56.038162486881866	35.383871131442241	29.690445876010475	31.61042805082641	47.241577591295716	22.371301457381584	36.424131171722507	39.781674384951842	33.73697895268856	18.439251239339004	25.850820432257816	25.399524407259843	40.122555985850234	47.923987406392044	43.217374148981392	12.386320538939085	-8.6462537908903432	24.27273980681246	26.47526698101132	55.266165279760649
42592.643315577123	22.391690453588428	47.346479609817344	27.234134767846982	21.490412533592931	53.97887556459024	38.433825898093147	27.446320513420073	24.795996145094204	49.025189230279544	21.293073963853853	32.282669310699681	41.825953518449289	31.968636068636155	19.965877870061554	27.754002259693294	23.578403285856758	34.696485183420421	48.490237256260755	42.879659064035572	13.157963519331485	-8.2805411088116774	23.010846378479911	23.077977611213647	54.220765678875836
43492.643315577123	21.534483587384404	50.649160746918177	29.835826608181492	18.904576460417424	51.508456145465765	40.7515967073569	25.853388434038177	21.48165346078309	51.094318816155159	20.58921235381327	30.394739947860227	44.253010452178962	30.996727787606769	22.161539302725789	30.233362385510176	22.087765665773656	30.159355404767282	47.472211395352709	41.819075084275184	14.092783624960838	-7.8766886790182911	21.943724559776467	20.584612588019304	51.091072383212726
44392.643315577123	20.538831667462066	53.296948564599532	32.767852888294989	16.792868820889478	48.331891739130633	42.701098801610605	24.4530262702282	18.7500918003888	52.340544056275512	20.168903658596946	29.12091512182355	44.979187319676114	30.135446421267336	25.226105135061463	32.571418304130546	20.850806564171187	26.709693444263497	46.950015685006022	40.124891740839253	15.292673016951571	-7.4135909613680626	21.128763130606611	18.665569556612081	46.680155932156147
45292.643315577123	19.919914868083477	55.093181885926427	36.144194913174871	15.406765085315497	44.778025249389756	44.336601698131282	23.321985361830254	16.698206524653248	53.75828636250035	19.824079766611685	27.995093584239992	45.486324126418076	29.112546832273615	27.866927013021122	34.432736756816581	19.732610440282386	24.50795830383764	45.633604015707164	37.112956242116894	16.663270554176787	-6.9272160459348315	20.154255776561346	17.497955207022578	44.089003245382834
46192.643315577123	19.217825302210045	55.392706936776868	39.487183046956581	14.520276662611927	40.76489404674475	45.395553426713768	21.941650980236314	15.30638831293451	54.822696675258605	19.429955603149995	26.752635292439603	45.354205048232757	27.892514301545923	29.9896653940387	35.780488804100052	18.754665408475478	22.519849736027947	44.004864710848153	33.537162448736744	18.192841324968644	-6.5426204439564142	19.227623358409819	16.70973271932959	41.51441789278082
47092.643315577123	18.329907848354086	54.599954437075667	42.398927890557445	13.801434828615447	36.69269932776816	45.427377313162467	20.919751297711205	14.262123233585429	54.76866221372817	19.079422988796441	25.726036505641044	45.441177193773576	26.312271064900209	31.327070504835945	37.824270628517354	17.841992527409456	20.791775154234003	41.587784413516943	30.250511924403842	19.944502177896972	-6.0052222579639878	18.62429596898335	16.047289782796181	37.449266727063922
47992.643315577123	17.793136256652431	52.844982711657806	45.29103995087835	13.072263864093159	32.187090917018061	44.184017270130873	19.949770860881625	13.332810787197582	54.5541310726054	18.786990411498959	24.617887253853937	44.445222883197921	24.673132380988182	32.190364171234904	38.817163377296033	17.100310860713233	19.451430643758528	38.81792443890793	27.803738531700407	21.491813130346713	-5.5014316318618954	18.344452728040878	15.579111687578397	33.16106661891272
48892.643315577123	17.245964960752449	49.3702024445337	48.077772550595263	12.496756668270326	28.348573925678735	42.551046927121895	19.020634557064948	12.786058820474288	53.932174675004283	18.697268573560844	23.978192805954773	42.839258753162255	23.261159528499853	34.311721217241626	40.034618652346971	16.361683475484568	18.100310428807941	35.201910646751323	24.700255347383838	23.466598972875282	-4.9323374196279968	18.062813749283126	15.534503589502972	30.038096478302116
49792.643315577123	16.44251436280166	46.3460147739189	50.014741513259231	11.878249541323955	25.326806476858483	42.431631950431232	18.23604970708864	12.217496755691345	52.408858690083086	18.591524808134047	23.509664062470257	40.934171693188404	21.913437460729082	36.358089218797247	41.063769467865157	15.776674689426217	17.000294256055671	32.027726179362659	22.627633011645543	25.164251550375162	-4.3389535103710752	17.667374883057327	15.366811292384277	25.582674777091643
50692.643315577123	15.657747010625055	43.254629210301978	51.567124596541383	11.336647802475776	22.966768790806146	40.922065896064289	17.440425860918584	11.699666714730038	49.836446403218226	18.496922742728174	22.982611516534593	38.506104260120139	20.774306627653964	37.975348429086978	41.683188744463465	15.188913193155994	16.091166341670839	29.029422364375609	21.04864768818657	27.278651046863359	-3.711729813014133	17.23194460235564	14.941134386036852	23.123868722077251
51592.643315577123	15.169271662521785	39.248836837877363	52.511874958611031	10.818482378670723	20.786474832249784	39.033180645227965	16.771297171538375	11.361384644056249	47.753773189963432	18.460080910654078	22.39839200604699	35.867449988682964	19.727780802190019	39.702319679179276	42.060409778607891	14.697684135678603	15.237379117079927	26.154098313610376	19.268574351747056	29.210603737536097	-3.0800212069428561	16.913499797313282	14.614407570239916	21.015402805390153
52492.643315577123	14.446375232206703	35.89394738359875	52.416544752941292	10.386602350113266	19.251719347187009	35.977075692822069	16.148625248891161	11.001220203846474	44.175503592238407	18.36107677988182	21.98829199752419	32.928560535237764	19.02124254102787	41.51058093117117	42.165876043299924	14.151024463614391	14.504572926374472	23.03889920772497	18.351910103109205	30.49280416013524	-2.4580256925556361	16.577053287106967	14.205683621840409	19.455060960966858
53392.643315577123	13.792513766442754	32.823101309312214	51.431375820937077	9.9263156158474963	17.927896965747447	34.07144524916319	15.562826735488786	10.708628788085274	40.816225591795884	18.310075219510296	21.458513455702533	29.904252582847842	18.329593944160671	43.277917279359876	41.686527207610574	13.655465511727751	13.866581340162204	20.364548584183069	17.45769024513957	32.127269640914477	-1.8338330175226016	16.286997198599209	13.795052069973371	18.3243889580038
54292.643315577123	12.972219441073849	29.924388818102102	50.192739092224123	9.543029471387392	16.675932761544175	31.496834401944731	15.045309361861351	10.3073292892016	36.938539917731049	18.164443451893273	21.19952904426988	27.157705467264613	17.77765139689026	44.52320169360447	41.448990422751308	13.205898852653451	13.237618024944405	17.657142294472969	16.796572699364077	33.764809330951614	-1.0959523602219741	15.965102154001109	13.697187105357415	17.49359773847894
55192.643315577123	12.463201326392294	27.23316007459994	48.27804389381221	9.1223922945386562	15.529896175387243	28.453298905035336	14.626397484952436	9.971201059548072	31.891867226125029	18.127801578532004	20.86057411978145	25.012877673943624	17.22552741763117	44.429311210210194	40.703287695028784	12.792755785878191	12.776449190247307	15.615129890378302	15.576451076650232	35.386308233849483	-0.43932472819632934	15.71379951107869	13.495071458122331	16.77581493745036
56092.643315577123	11.865718838893422	24.695042347368211	44.774059524757078	8.7979985788902138	14.734900121106886	26.201268252542267	14.11773103940272	9.6536965398809578	27.068531642476788	17.653361198837118	20.401580911529479	23.803257223363495	16.691637524911297	45.195598283696114	39.598987759261007	12.372060994581386	12.27893622081414	14.1014548176315	15.094969640388218	37.309632134462142	0.35343250619933564	15.454498831092828	13.11010580151577	16.100990552171222
56992.643315577123	11.337257369977831	22.011563382742615	42.1121538121594	8.4298058762359656	14.112318162607579	22.269523216528881	13.728879700770118	9.3996028047150766	23.814178074231634	17.34317906856268	20.140595072975493	22.534027177253616	16.26753824905887	46.020754783191045	38.404850619850009	11.951555384319459	11.90856104625521	12.853869960552373	14.62082041992945	39.283423252159238	1.1984480867021334	15.178545689539385	12.87829209477774	15.534859839569961
57892.643315577123	10.863651938200846	20.174465496748258	39.469140292558166	8.1612041730635756	13.744432504674936	18.539597161278248	13.372856905249165	9.2429287618912674	21.421155207801561	16.776452768602542	19.914257849216806	21.438484355268514	15.870001524907284	46.717967723419548	36.81815833653031	11.546955835315199	11.581565504178247	11.350151311294319	14.025839170654905	41.028573180015059	2.1850629838018061	14.904121862016659	12.68180374661315	14.908529642088626
58792.643315577123	10.343644221035111	18.738466680230566	37.175203133894911	7.9703882082801805	13.048824583734108	15.747762098231348	13.040839270786972	9.0859484649945834	19.541321464249819	16.551213079032497	19.70121906773586	20.400083092195803	15.458249623835695	46.809469520717812	35.376733600950928	11.203765461078767	11.249175741477373	10.191983625363138	13.506418793796467	42.263386876562819	3.1864159341012255	14.6917905118177	12.461404885229877	14.347635279930231
59692.643315577123	9.9552333087091327	17.206299559709503	33.9967997049528	7.6584935408009756	12.477061625676225	13.4515697320062	12.675713397690954	8.9707421661291882	18.316452293146533	16.102995361303641	19.489883132159751	19.324509561234841	15.103803526556989	47.196668879289206	33.148074592477265	10.834642133082284	11.007397819300245	9.21107495636654	13.146005858896452	43.7810374218744	4.3922429998256662	14.428782649347564	12.214792385082442	13.828624342426227
60592.643315577123	9.7535645681348342	15.80785048512198	30.854071379835194	7.406148198761584	11.970151413427349	11.124957809167929	12.343706694925112	8.8121019855515534	17.369268642079675	15.443800147113711	19.246157563709303	18.519350170079143	14.670443074658163	46.580814153405186	31.003930377429931	10.455226483734394	10.729206923813832	8.6070979987278236	12.705535069393282	44.247229813502265	5.6483834105809638	14.195454674492137	12.05610513298134	13.388772455934168
61492.643315577123	9.5216502269843719	14.591498004718227	27.832028304243149	7.1881894718727306	11.558434086576584	9.2998912741706743	12.101359084640592	8.7079667885266527	16.631814938800613	15.147113813399198	19.099449086203023	18.013665813135368	14.340213497693933	46.519739288522608	28.389096091085591	10.088549376672139	10.507639149401513	8.19836327199815	12.46515308791796	44.653974726304412	7.12605109587941	14.003949223741165	11.907115063941362	13.025178612388036
62392.643315577123	9.2994927838308783	13.399593689094507	25.0814142977606	6.9497574571993308	11.299906962639467	8.0320825005329262	11.781644806589226	8.6271866443251124	15.938222924126105	14.940081800785173	18.884861598965234	17.521613501102422	13.971724930146459	44.781333087113467	25.297053898355884	9.7401546196426754	10.351811587003811	7.8943604190351158	12.061234924718715	44.594062417626446	8.65186580681787	13.795041714427276	11.720666711334944	12.668068542269291
63292.643315577123	9.1382836735004158	12.495006826410084	22.50277157750741	6.8117659476696524	11.109114710811532	7.3421905690985705	11.509689196181444	8.51946993109999	15.305762703333032	14.750995209727288	18.769303964399164	17.271986864915085	13.634830858833372	43.641176689910466	22.351468981150049	9.3978075583672425	10.135195184972709	7.624580421232948	11.761272834136639	44.339503769338442	10.262178490169978	13.60803081832867	11.567788985641798	12.358027561663455
64192.643315577123	8.9827840292042627	11.686835150034396	20.298843728489896	6.65882667466902	10.776554352883956	6.5686633526839548	11.26821425915689	8.38797651793012	14.802899598057747	14.567724151041718	18.647670180611762	16.624154231693904	13.193781859066018	41.14603384013909	20.010128949887896	9.1178776227335216	10.028042318431137	7.2898412370478942	11.529634736356007	44.806541853791977	12.237900943768571	13.44868184411634	11.437015523332828	12.08902428115915
65092.643315577123	8.7773628916715527	11.081209896685282	18.811195530441129	6.516770195307072	10.454109129121884	6.036489132820134	11.031884143173345	8.2331277968127967	14.366975446230601	14.322800603487599	18.519565071349895	16.362672920902732	12.811458627553222	38.747590299551518	17.840039687134311	8.8111209251279465	9.8336535219281789	6.9323072937663559	11.167355035593708	42.976627192101816	14.119825808020677	13.2653068649662	11.269674143575397	11.823368713729135
65992.643315577123	8.5211453021117283	10.65968399094792	17.624029690288417	6.4081892584496822	10.164971930279293	5.7440047057219985	10.760272176268959	8.0329633688222337	13.895192049232522	14.087083283721489	18.53639530545885	15.905168858691882	12.425069052016761	35.386453394996636	16.043184120585508	8.5179306646017316	9.6370355773153076	6.5657498232331335	10.775327419505585	40.115445895849234	15.750103999147623	13.106137179183783	11.11791814446501	11.532221634157278
66892.643315577123	8.3668019492733912	10.321350053427512	17.060545953701244	6.3295768845438127	9.91903681117584	5.56533341712001	10.578396656331668	7.8425133376840046	13.494100522956606	13.961766114456966	18.425842893394666	15.473210771218851	11.982039406379139	31.963894853447432	14.571114776200274	8.2839851187145648	9.4639464298986944	6.2375265243834246	10.377566070641109	36.92980292408479	17.549110203660785	12.922205916632764	10.955670661746552	11.251008960127857
67792.643315577123	8.221677348674854	9.8893155052696287	16.2265429303866	6.2656938322366029	9.6550781086495174	5.4453995128757144	10.386709496220888	7.6227442094959956	13.104568262755427	13.788552551868325	18.268528005223995	15.452701578647778	11.568137822466397	28.45801878558601	13.282901339028928	8.0652250857946974	9.323891554192663	5.9440971562947187	9.979689454004431	33.525826724215825	19.811429011935378	12.81038492757183	10.824425294697139	10.98866247413801
68692.643315577123	8.1723672149048134	9.4841125502605816	15.370342133555344	6.1579147964420624	9.47393251701637	5.3554647210047914	10.176109207510624	7.4262032439439682	12.862720370673495	13.604536235115626	18.254596071746427	15.35635911660169	11.178879347189128	25.464815278748077	12.162540245197594	7.836738200817762	9.1726453405387289	5.64308966871599	9.77021380825844	31.563862305160491	22.3713432896057	12.640872027897181	10.713835790350647	10.750255532069748
69592.643315577123	8.0992684740363927	9.1974969845800736	14.552352645193489	6.0600937555249814	9.3332853270463048	5.1972216401249058	10.01436231255202	7.2145020581525072	12.585821700535945	13.459765807024988	18.166596010239065	15.043769644611404	10.738199905364322	22.48852007674439	11.374536044100175	7.6556218686194928	9.0437187303946089	5.4070460209421487	9.5177674707606634	28.726528957768267	25.092745876567026	12.492534102846289	10.609124027744315	10.540977083573894
70492.643315577123	7.9786601383472613	9.0302119410436337	13.930516535313918	5.8897425567240083	9.158489356960283	5.087368323536527	9.8183178854641522	7.013136918172699	12.330736212950219	13.210404063423209	18.021660453063955	14.910603807843952	10.415866650041972	20.146009742240231	10.810217457417704	7.4277152284088341	8.8603190248870138	5.22651969093047	9.22541704877871	24.908516487004572	27.659130998921569	12.368835475629082	10.458852650550838	10.340497345769954
71392.643315577123	7.9446367355605387	8.7780042049384264	13.447373249836764	5.7842623674765026	9.0338745757645622	4.931760784819005	9.6361154847963277	6.9165556953250285	12.161235757697254	13.181316905084742	17.923504505375337	14.575268041850249	10.133011828063108	18.362480558319547	10.313751687873779	7.3202734521374531	8.7247777308786958	5.0952687223895134	9.019014960496639	22.156910273590576	30.098441836570064	12.269518843934268	10.330839727466168	10.120084917679192
72292.643315577123	7.8622388744052554	8.8434070091389785	13.042126024125718	5.7638024739744855	8.9111081931239635	4.7517580565150723	9.4871636928037812	6.8566699701350924	11.960098236344866	13.141868153578393	17.914794729183161	14.184090700071145	9.8177458183695325	17.08019506396748	9.8838212593121177	7.1525258350926855	8.59133062311475	4.9323046358593379	8.8672958317959569	20.541988924331257	32.5235619585153	12.153446795916286	10.192046196119268	9.908700911353959
73192.643315577123	7.8579759643087961	8.8226819785649155	12.63656304718956	5.6444482199285524	8.7366531100856371	4.592607825527196	9.3717697652883185	6.7169943753485475	11.791675572871649	13.048037368342635	17.634062803033867	13.734821286397406	9.5868747269641332	16.109224648340433	9.4247742848924467	7.0138996439274077	8.4664751255999988	4.76760055051048	8.7050136486901319	19.314900196410672	34.768200530937932	12.017528600544797	10.104751260592265	9.7153018825875748
74092.643315577123	7.8336675125396606	8.7561301619349479	12.395239371123438	5.5232787947629411	8.5814982575345073	4.4527670606278331	9.27576223068741	6.6558565654165704	11.671445009482408	12.946780151632455	17.587726473138293	13.727405671596486	9.3382093803265445	15.347240500678492	8.9922601384934815	6.8842912890249979	8.3920804212077442	4.64978564074402	8.56906430115474	18.715414676372429	36.7475894243829	11.883119220529355	9.9658784889148428	9.5276328039589959
74992.643315577123	7.8388522432250376	8.6038211692869346	12.351115067621741	5.4555479422634621	8.5130534967241474	4.333057809936439	9.16292477493941	6.6306462303960112	11.5714318981854	12.886858896922036	17.446625344183715	13.717783545701927	9.1575404709101811	14.743118445420345	8.6013404329405834	6.7746403621630211	8.2788308901530847	4.577136743766232	8.3943076255512263	17.409137670403009	38.279316600494226	11.761437615102173	9.7971853754926954	9.37196499660515
75892.643315577123	7.8608373608329121	8.4630490738274524	12.241800583602846	5.3514458537797589	8.3943999572531283	4.3599692671676884	9.0352810453353563	6.557374634272116	11.453066592464706	12.811871254710795	17.337098272425091	13.547521376371913	8.9629786888302956	14.293677444180222	8.18516188698561	6.639896805374911	8.1304162569828566	4.4791582292487631	8.3333974826403914	16.59567962060391	39.585002320654041	11.593146671219177	9.6851881704207052	9.175461463835326
76792.643315577123	7.7994439081008133	8.3923425526461468	12.068742720097429	5.2764943717608181	8.2646004825173929	4.2418702226774991	8.9680578001022369	6.5713701907146866	11.259230866249482	12.772382954671631	17.202902327273833	13.408331454964428	8.8008986725753431	13.863157955884585	7.8839443840379628	6.550019887282871	8.0356453234261913	4.3575229105793172	8.2724596718299317	15.963275715794687	39.504184897400613	11.412014339422164	9.5884074411671509	9.0209579784508112
77692.643315577123	7.8202486730999334	8.4396934591253885	12.047053110275499	5.1975222236662733	8.2022354925362286	4.1741640132731455	8.9017170517542574	6.4636615236113624	11.173716882078496	12.68716093216757	17.114897646022353	13.362824117440075	8.653355417530074	13.461398376560123	7.5595587666700075	6.4291278580538176	7.9198964626436519	4.3226485946920716	8.21896370093107	15.383321625967779	38.826755453035425	11.177050754899279	9.4323165834689444	8.86341016906185
78592.643315577123	7.8892552391103257	8.4840945142907973	11.892333129974507	5.1451778184872587	8.05422125007596	4.0920147040951358	8.8325823507238184	6.3982857150040857	11.072436440438016	12.652858260385537	17.008990770036757	13.228407346858969	8.5341813646575435	13.120108268577145	7.3367060126359407	6.34560729991362	7.8897428510009595	4.2795506762407554	8.1708939927561826	14.653868916793989	37.379664809983993	10.987255057035178	9.3562266648713	8.7073408817824625
79492.643315577123	7.8639224974292725	8.6017312958837664	11.757153448826058	5.0865775855730426	7.9815486848096047	4.06809402435684	8.7894183527001033	6.3753285128177479	10.975371429118852	12.661617533485776	16.8432352914579	13.045805913244786	8.3859966270361266	12.800297805764979	7.1246954604463859	6.2341802481746775	7.731017259749847	4.2349439835477778	8.08065818596823	14.042944104328623	35.856450814534504	10.727393443608055	9.2221553518732282	8.4972687701815648
80392.643315577123	7.92309613987824	8.6357679886400369	11.427880694800836	5.0468312671598419	7.9181020412425953	4.0235790234598161	8.7274212885870881	6.3972011823664054	10.904198713392136	12.622435401089211	16.720813656154913	12.806754189072473	8.2811741497318927	12.58460349244457	6.9069888400506994	6.1900169079469318	7.648019625679944	4.1080888721544078	8.0574478852595064	13.467918219287721	33.876851424467553	10.49020268461434	9.1676898828273234	8.3477919895506663
81292.643315577123	7.9365804753538534	8.63780476174379	11.149855565736576	5.0056818848798619	7.7856189623741345	3.9559126461260834	8.735910322613	6.3869001273061423	10.785283491721382	12.673756485934565	16.583112701522868	12.787997379033218	8.224915091319577	12.416838861715476	6.77310292789575	6.1365269390257371	7.5923111600563722	4.071306809110558	8.0476678975972185	12.960453673774063	30.509487289451421	10.233714329296287	9.0256525234691551	8.20653696918714
82192.643315577123	7.98049747836715	8.7114560124528566	11.013397718877602	4.9696007791953027	7.6950637938655726	3.8978781428868579	8.7097129990665128	6.3143094054693227	10.716807072133724	12.672266271282245	16.519701449907174	12.730675601749695	8.153941237972079	12.20011532660444	6.623413377896517	6.0693250384797306	7.5250944507220465	4.0565031050332632	8.069056331844406	12.432809150530316	27.293036567259534	9.9837235863661427	8.92347400522402	8.0472072345804442
83092.643315577123	8.0052140109763652	8.6522760777308019	10.900652443101853	4.9042556620725941	7.6451243442818964	3.9144254465529569	8.7209325690337618	6.3892266749421376	10.648940095729264	12.671301015083602	16.415149405222845	12.50786062432117	8.1077813371543819	12.106882466968166	6.5949172055634495	6.0263613714437172	7.4401807536074624	3.99531842358186	8.037642767861616	11.965710933411188	23.760347921132375	9.7716118233121545	8.8359771749909051	7.8481666302370829
83992.643315577123	8.0994707752714667	8.628818491371451	10.848586659617114	4.8685126479042413	7.5373891206247494	3.8945959930778109	8.7470519079948676	6.3140644005756448	10.638384106425944	12.66630919569845	16.25540984983579	12.457253133584732	8.031599951559441	11.951539221779418	6.4529211173303906	5.9702565132370884	7.3877084190620641	3.975324083969773	8.0247750897037022	11.470357732456726	20.343385034323497	9.4836446332794715	8.7212021945077858	7.6791955591396794
84892.643315577123	8.11431353641912	8.5660409611472872	10.808764871548622	4.77934505964168	7.49965906261806	3.8295954957309024	8.794156931901334	6.3035743186031175	10.562447613722066	12.637865929229651	16.207028239882941	12.308972815103275	7.9878812499511573	11.863261232242184	6.3121035098419886	5.9298676919695916	7.3437595032065275	3.9312538088075679	8.047121919364292	10.999298578704494	16.569990707704438	9.201623157632298	8.5911477809840981	7.5062431633042408
85792.643315577123	8.1542590256223	8.5299096960139167	10.600281417204164	4.7837214431231265	7.3981733318470537	3.783505141821025	8.7780550221625369	6.2667795751250885	10.489378845819763	12.574655066095788	16.073471762165177	12.252346611864269	7.9264340287871233	11.699143844092484	6.2659017328728295	5.8589770332575108	7.2462822392457795	3.90208586261363	8.0316785329010383	10.505781994608748	12.980430793752174	8.953826374473687	8.4794013218016726	7.2934218192293843
86692.643315577123	8.1430120697659856	8.5087296454354231	10.491195133856268	4.704674911458036	7.2859485579491592	3.7712722375062895	8.8151930251153754	6.2476454315114953	10.435069750082249	12.608613020862808	15.949571646499264	12.046648843439829	7.8831014216697763	11.579839262461809	6.1339279402558446	5.7753563411300082	7.2063613838843956	3.8117812647120828	8.0906640159357064	10.138340507748238	10.62383293724929	8.72642882180804	8.38119655948345	7.0559760698843492
