Time	B2	B3	B4	B5	B6	B7	C2	C3	C4	C5	C6	C7	D2	D3	D4	D5	D6	D7	E2	E3	E4	E5	E6	E7
2967.00319140135	-0.50030898094761644	-3.4165473917741278	1.6522533283975058	0.45233560181894961	-9.9029896347695914	0.90633104390103214	0.56651023737186645	-1.1782818600823333	1.3512167317083905	-0.010398203405022257	-3.3628756609264574	1.2298163943084524	-5.0932044671089871	-0.73999622982461244	2.3813185048906411	4.3136347283822252	9.4214048114363376	-9.1281988635434654	-1.8377219076441196	-10.584976435674063	4.9916879049134479	7.6425183057137476	8.4822380652993079	-0.545698215683381
3867.00319140135	-0.69854405742487058	-3.1173556620965734	1.4025622304456356	0.19721504548972882	-8.78447461307005	1.1135778229162763	0.19455357645183247	-1.4975084114223316	0.075512900024831145	-0.013481003133403972	-3.2812801019085431	1.1250292337335435	-4.355099229991537	-0.6820295563688441	1.7175253428638202	4.009241162133903	7.447713616103119	-7.5307048091838773	-1.7296823976208937	-8.13265276250834	4.4856764115349259	7.1276904338632168	6.7254297732322614	-0.283115547013012
4767.00319140135	-0.655260428378037	-2.8979913535763226	1.0420324473761045	0.063779811034048575	-7.9866731683300669	1.3703604740005655	0.087913592133727389	-1.5635659319189845	-0.50102978359865713	0.13715442714319037	-2.9653569501570876	1.1853043878737881	-3.7377190429111713	-0.4682053603629554	1.4385195046976484	4.0565717679603752	6.2749044575138972	-6.5637457107718093	-1.5514500098477924	-6.4259841196448493	4.06889499813516	7.0343941293479482	5.6577325503934635	-0.061975984274579794
5667.00319140135	-0.51777290073034643	-2.7363359316497227	0.77990242259278308	-0.042766120079402455	-7.3888408109406338	1.5345945760835629	0.10021781415833855	-1.668068174783153	-0.835597789412003	0.31098359967590161	-2.6908671265338979	1.2179161023820251	-3.232640942182273	-0.36058749645201027	1.2048805551475759	4.1855941101019649	5.3706469973675111	-5.9725376084977526	-1.3938565927283013	-5.2210345305802077	3.735167143473312	6.9933062924664657	4.8519781087796563	-0.053583120074212419
6567.00319140135	-0.27624694249608439	-2.6315340971752832	0.54778725366686665	-0.068420035319877434	-6.9373734657714516	1.6620296688350875	0.18737209728067095	-1.6598916353090814	-1.0147902919110796	0.58246189737582332	-2.4445099432716892	1.2502347712632995	-2.7429322814360577	-0.28589012045339979	1.0361877559151393	4.3567998090682156	4.6522730253157532	-5.4599916418119729	-1.1959144304149163	-4.3311038755361224	3.4935681773745095	7.1019600384795289	4.229213221146817	-0.0020977230554542676
7467.00319140135	0.18592767163047153	-2.4661467524567375	0.43500562450258762	-0.074315546983416969	-6.534020895030773	1.7265500741926898	0.47188234777554983	-1.6269432808596365	-1.093958050818906	1.1355893410099296	-2.1823932430850781	1.2744024007567913	-2.0881631447411886	-0.21135918817282043	0.91769542919668778	4.6997672963340476	4.1575151969679318	-4.99260054440323	-0.82091521367506526	-3.62307793874859	3.2955805307374466	7.3034482283826048	3.7625040284541451	-0.043693333258013951
8367.0031914013489	0.95418572691835613	-2.3316812404391261	0.37814779678541288	-0.016865751637418876	-6.2029576881805113	1.7585880854473512	1.0625427829605496	-1.5613137917192814	-1.1387320084518502	2.0371576472030593	-1.93154884187943	1.2418302519797717	-1.2802036662606058	-0.10777482486518668	0.77258103148928226	5.1742678676521949	3.7271754644306476	-4.649758922746325	-0.26727765626606581	-3.0287512906891303	3.0965452226150858	7.6807737382461143	3.4302117201026632	-0.055591206039352643
9267.0031914013489	2.2174353241389362	-2.0384198601688612	0.32915085635474495	0.16471295299334321	-5.8775614001610341	1.8165984414981296	2.0406513572483562	-1.411959343644366	-1.0822851942038305	3.5296390851074473	-1.6134315504934966	1.3047247864967668	-0.082017098730096	0.023113202794820872	0.75023914164755845	5.9350468141344122	3.4323704270406274	-4.331692530113874	0.55938068446082967	-2.4719487281686878	3.0142592778568784	8.3091597327783155	3.1928439352307616	-0.03475890777953388
10167.003191401349	4.1797856034423262	-1.6818272814423652	0.32854664297272151	0.52678556233456075	-5.5398890702206467	1.8355607277327617	3.7178877076124874	-1.1755787324082074	-0.97228530494571885	5.4600428682201461	-1.1602129501229503	1.2958225403193191	1.7097599328905238	0.25573299896842661	0.780264065862428	7.1579978549462728	3.292547677149519	-4.0062147156408594	1.9088929929777487	-1.9452498409243559	2.978117439391657	9.4196132301188769	3.1270695254761258	-0.009489285973373637
11067.003191401349	5.4192641631027287	-1.2064126083645765	0.372413372278787	0.8653801900662984	-5.160797234592339	1.938407763365708	6.4504301534224684	-0.7374388880096624	-0.91971931188038625	6.6022011826665148	-0.661103741853235	1.3326035648734969	4.526051812302927	0.60051519869667	0.86063569250639427	9.070169788216111	3.2142026242173447	-3.7150527682440271	4.0229950352546373	-1.4006506730477308	3.0129648571923915	11.215831605510063	3.1426029326094387	-0.0016606613279492775
11967.003191401349	6.3439419082199509	-0.59144349673189611	0.45104871269062424	1.5283118631968322	-4.7195257514132463	1.9779742411710486	7.7131109074327471	-0.14312448086682306	-0.77373789534995274	8.88876607499306	0.12525089451911656	1.4231216319641744	7.1923380928608225	1.0294389694229862	1.0253351292293889	11.815581210204073	3.3005948426688732	-3.4409748951395724	6.8875841324153528	-0.6977186845885045	3.1047333742215439	14.017530854526916	3.4690989950355222	0.067002574977576085
12867.003191401349	8.4131783445520476	0.3502225534833231	0.568620702142462	2.3325099385716008	-4.1588555426545941	2.0034133634542695	8.8716791385413618	0.6018636044748058	-0.59192946405438629	10.388924165122843	1.222940956515691	1.5240695346444169	8.5499176369595062	1.546395937276156	1.1146998361940896	12.856382506715288	3.4832788266598222	-3.1853012973294454	8.2608646865684126	0.060670726587402038	3.156660655805005	16.139614783388918	3.9384035979229464	0.12567607913901202
13767.003191401349	10.595888178996406	1.6959958029999898	0.78465101086373223	3.5700394637645267	-3.4358510048827329	2.1605217160170795	12.11535979356192	1.846661765756672	-0.35162163898396409	12.122597837148174	2.86899934354276	1.7429402705068837	11.485702138548589	2.3672461436294876	1.2594094705507573	14.291942708404598	3.90400205095697	-2.8575084193902178	9.6198176084275637	0.93434288223010753	3.3063954216144049	18.407062963018546	4.7674545334858633	0.29779858988936392
14667.003191401349	13.502147498407846	3.5913941442913391	1.1580986649651985	5.5178325460023734	-2.4406054530816546	2.2943621351881256	15.568917535366753	3.8352854109396008	0.049998982183882421	15.373466228888495	5.0962150937531288	2.1145597725664977	15.954005289411921	3.6456308366177104	1.6038897764741211	16.94239879992438	4.67437547132173	-2.4960277945142284	12.167307633265729	2.157327945105409	3.552432592492778	21.459661241911693	6.2833172780090862	0.45780658735324042
15567.003191401349	17.009565212938668	5.2142619478297547	1.6695884890248058	7.3388391105520236	-1.1160564793355035	2.4678535449682206	19.1541842636993	6.8836779029035293	0.64745993586562844	19.40143557292836	6.7415134362201554	2.560195892841739	20.07561445943357	5.5371787245403024	2.0030428332995838	20.787542284298961	5.838476788849003	-2.1922175202053125	14.552801315905711	3.6683739001606	3.8474718662356362	25.315236429261102	8.4328011669060885	0.70072854171382126
16467.003191401349	21.191563053100609	6.9950979416585675	2.3866357023440385	9.3960686253967243	0.786688782691645	2.6837727647768008	23.450452165426295	8.46456976715846	1.4275687847644056	24.000794982233632	8.8994718492592888	3.3568204618501132	25.245386098957248	8.1237102703669084	2.6439761909281505	25.799160747753632	7.7959123970945674	-1.7194018406774045	17.020054195897597	5.559891341096705	4.2603867869786463	30.458315195215452	10.941929818072167	1.0302522104556315
17367.003191401349	25.907971696748067	8.6697744438659861	3.3462046173054971	11.507573810341306	3.5381025216963597	3.0636452235162404	28.365690836996993	9.9956616554673516	2.4698950916161535	29.794946525601965	10.730807954412605	4.5216729636291282	31.226905125124436	10.039960623051121	3.4765200197567947	31.633908290819218	9.4989948930697619	-1.1873040846062832	19.282488068859742	7.6415287890725656	4.7902283852273655	36.516782198397557	12.312165587856564	1.4778672267407287
18267.003191401349	30.844209556110844	10.73567779069305	4.77986830352632	13.858710390060326	6.2507454050199573	3.55178530600491	34.1165792686437	12.46485344197213	3.9001340327008434	34.905972993007033	13.092679111214228	6.3932648521049353	38.309528878891214	12.189941088065053	4.4544040800586453	38.374606062911283	10.264614506508595	-0.520454019448199	21.832086017555216	8.6553209798711173	5.2546894467911294	42.449506747445582	14.825392985653057	2.1463921888926478
19167.003191401349	35.349392356111345	13.334325749320579	6.9482901060632045	16.870532182189763	8.12305476333251	4.1854883687551974	41.134543423292435	16.123388088560244	6.0456926140714042	41.177982299893436	16.474877759332646	8.5673298072384316	46.276281109403783	15.219347464073415	5.8675775122574212	44.821401905058671	12.434501243905631	0.43904404336564562	24.410892444600222	9.9873517990495735	5.7489352963600791	49.7585509899176	19.185463351423209	3.2017437545526133
20067.003191401349	39.64736325418928	16.490707710684458	9.3258555384315969	20.423629847263221	10.870571854457701	5.0817144302295443	46.735671307406967	19.902712764679357	8.7836939500756444	46.996369474165405	19.698036368353808	10.608449215561675	54.447899150755291	18.49110069546828	7.573910655927266	50.642146997901754	15.443760817237397	1.6399484842152012	27.186241375225666	11.038707735800871	6.2978827845941616	56.782461765088094	24.841691230222555	4.858456525323164
20967.003191401349	42.288613461701686	20.630214480178534	11.414630389613629	24.400089265983716	14.138703757755334	6.3816686015488635	52.0804235054799	24.270550027025752	10.945615336434731	52.245367160277638	23.3576064476048	12.904741087019319	60.803791999258266	22.094729681372193	9.72164067090719	57.330476043023047	18.844075711796314	3.5107912249384285	29.499747220903391	11.886251931377348	6.752034968869034	61.984917412623915	30.466089297079048	7.0586144031778675
21867.003191401349	43.604251210809593	24.364773115501237	13.415272636369835	28.861139074637574	17.76766862268714	8.2754806277512039	56.916380000127035	28.301564782636433	13.230523001954538	56.93626880603923	27.39634595296824	15.178045923526108	61.280372623705	26.1148458761195	11.799300629899204	62.510009136918214	22.754961584276302	6.0825350152875277	31.649847165979743	12.89681011786293	7.164879923204861	65.8137151977436	37.0564434778525	9.0514128980169968
22767.003191401349	44.359711936528583	28.820653429225704	15.801899660316284	32.607414635218653	22.395058841798694	10.81531706516464	61.379001777211634	32.314545534081333	15.921886155273416	60.628886977388838	32.242651550858994	18.070107904288065	55.776849191095764	30.676911990465985	14.187914590489353	67.289332660880731	26.911379243077761	8.5427502554466326	33.10116702268823	13.739278034234228	7.5004820430658308	67.973573995739969	43.566805237757634	10.390279454596765
23667.003191401349	44.259558995721413	33.235257946315535	18.826843482589158	36.98432505200654	27.477740153160475	13.004460819340574	64.217780170728588	36.919991066047629	18.38366415725902	63.718847230945372	37.366074062634219	21.723184018958825	50.263385225052723	36.252749294780749	16.522040381455973	71.3027826078442	31.02527661281464	10.891427299038117	34.255596784767135	14.643741674158674	7.8924392877700695	69.672880248527548	49.96616491110121	12.603942688474286
24567.003191401349	43.581098996588018	37.091436283859629	22.323918633059144	40.540265066368207	32.772130623470574	15.098025924443055	67.240973865762314	42.974708750490706	21.489286560721244	65.823536832596062	42.7590880466915	25.479074025593036	47.993593792024519	42.766100699128522	19.278119602283837	74.457864920401448	36.497454493573173	13.665275779749086	35.066723321024178	15.661076273543385	8.2849195255926933	69.446088591556133	56.001859919985314	15.84782870832727
25467.003191401349	41.932402863543267	40.234392222871534	26.392756886118548	43.635400355172784	37.28053689965958	17.473332965010837	70.0235484833803	48.732846109150508	25.142448765742834	68.382593479583321	46.754847394243733	29.800889077584756	47.377764062395585	49.800436961514947	22.454618282409559	75.60307298372976	41.615422277882516	16.803692710246263	35.62117850002646	16.924933896173059	8.57437362340726	67.754668491331032	61.414337435541171	19.59395653723827
26367.003191401349	41.45142131542368	43.1230286314646	31.107655919172274	46.555372014240518	40.837163359025581	20.534929259635319	71.895776993953447	53.5998010777894	29.490787235932547	70.8675702326432	49.518279250706414	34.259879125386689	46.367179992057707	54.004351211535841	26.093898374599419	77.3150948691809	46.455088235297382	20.076740498136232	35.477833344809845	18.117161246950459	8.9464169256289541	65.458529126223766	65.856878238307857	23.742672033515387
27267.003191401349	40.670211471833916	44.500565283207607	36.170277200456667	49.259925313973547	44.172963625590022	23.632366920494274	71.581507019302521	57.277075922901261	34.590863084688756	72.871867343312928	51.763192809851162	38.98672639408791	45.192380211185991	54.068375047787235	29.3328227219537	79.068577465004651	51.209328210641914	24.158367896838758	35.0402919224395	19.643448584978067	9.40058854737752	63.944446767496395	68.299078673232657	28.253637074919055
28167.003191401349	39.647036726557943	45.439421960919866	40.902625072989153	51.632633322749157	46.584048741759517	27.296117713903637	69.326350353024807	59.394989719628754	40.047305248788135	74.71397938504164	53.709068417980177	42.967169148488075	44.629316325183005	53.660619801598372	32.265392536071062	80.004195675515774	55.706871837381314	29.066405215638355	34.765319711823416	21.19650656132066	9.8932621260766762	62.054105804996276	68.489389269795666	33.311844558739153
29067.003191401349	38.652597716548236	45.718882941234725	44.786334236120361	52.857878170905536	48.905492393413645	30.984060648815213	66.806627452511464	61.139284684582414	45.04377164065464	76.2371173881997	55.119075393896765	46.300664147627458	43.556982940545382	52.574270330464827	34.960602274935439	79.374745018629952	59.705165771899729	33.806132134998784	34.720295219314039	22.823068136089965	10.34588171826644	59.826674134766364	66.295046193063428	39.099632200633181
29967.003191401349	37.192999006537846	45.244712414063912	47.615371765044031	53.4260960577343	50.532563146743634	34.642059770320131	64.535759356950678	61.148881283969757	49.822493148498381	76.661161564237929	55.891156438309	49.286943761971109	42.430670001596852	52.116071036282079	38.627682000229036	78.608683524181615	61.4956571850867	38.327393516133434	34.823038910060596	24.754931152935683	11.019466428691256	58.384277665596045	64.248698090431319	44.64809022153085
30867.003191401349	35.757749635443055	44.307958844960119	49.22351264900486	53.051882570300926	52.251642810337472	37.864719829588651	62.511623254712511	62.188938893098516	53.023193576424966	76.996383905417872	56.311141675884564	51.841656490444237	41.786443746029988	50.601858628325019	42.429654414963487	77.598500864539929	62.914405459972819	41.88897220594523	35.020781799254856	26.791220956362114	11.725634224060581	57.566093530318376	62.619194262691181	49.915653176521921
31767.003191401349	34.314574698947837	42.361525886136747	49.592622673529412	51.918948445411395	51.196627675061535	40.25735859604049	60.013827039982729	62.740825013622086	55.664381624038576	78.361526408481836	57.184918561917883	53.794099820031448	40.520980119269552	49.4338802512729	45.9842262838099	75.208489375721072	63.738124665273908	44.686343411988076	35.33988514841451	28.737925853275541	12.487528599688371	55.916018051904786	60.967062655794294	53.913008669020321
32667.003191401349	32.657721149601372	41.020894570635029	49.750811703921258	50.985729691343955	50.077522415583978	42.632170214276407	56.647885014393317	61.954909146347	56.396215850816994	81.871999006167	57.815732529786736	55.202131654256434	39.20599014706989	48.140693743505054	49.008100773878532	72.3587654033231	63.411662983942	46.802450413834684	35.509315119966807	30.91185641138183	13.172070299215308	54.212893426995109	59.227212352245729	56.285025465710937
33567.003191401353	30.459655512580415	39.700392407278571	48.827490817651594	50.077542332610122	48.646512262874168	44.852994587903929	52.465156260550835	60.76080240626505	56.643201930018712	86.618777379778024	58.427594816541671	56.284382407895556	37.802210451967127	47.050079712539969	50.176380634403	67.910797616702553	62.602430415083653	49.16621210747109	36.444769361293687	33.044104820707261	13.809787430356085	51.961500120240025	57.543237843744748	57.713257184573742
34467.003191401353	28.974581009216724	38.296622814468769	47.3486199723574	50.676406218234376	47.042564807203433	45.896438472458073	47.422106605608363	58.991581284624552	56.382274209161821	91.89157042134228	58.419760085084484	56.018099359305772	36.27774676376152	46.443413489254283	49.737144400742636	64.002169209743144	62.536130240175119	51.230612340656691	36.653870143652007	34.848975481829427	14.322484206273506	49.500432296319353	56.045914112974863	57.9010001665532
35367.003191401353	27.075539861243389	36.642268004882069	46.250951869817769	50.0425407523533	46.719303950590529	46.7584363314666	43.842723273565248	57.029581211864418	56.784212607849895	96.860734323468776	58.137245553829679	56.328221461444315	34.730938428954595	45.812806064265082	48.481648638316592	61.860522213990933	61.997276697598927	52.805179444134943	36.513243411110544	36.343615508983689	14.932484189989145	47.4204430568443	54.549089819398382	56.230929866053366
36267.003191401353	25.836640376117593	35.09620875766268	44.648422454667205	49.382387210816709	46.718257274032474	47.687717061319816	42.371358171490648	55.093993000590565	57.260189803684639	100.87967587411798	57.765545426114883	56.491743858510624	33.396121304229212	45.130552370040867	47.731345085182078	58.940849182262852	60.615061435359486	53.2832594519347	35.993900398625314	37.53283052780661	15.383908694019223	44.895046609918559	52.732078562066796	52.931413161902405
37167.003191401353	23.955083463014684	33.441564065921568	42.741709882955355	48.096040140240746	45.998742217292431	48.126729709959633	41.67884081251399	53.109746599331437	56.953689639992952	103.46720475007817	58.069549278902748	55.711193400221894	31.30727362527654	44.255934160717693	46.474849989664335	54.905815774202665	59.219333599282862	52.9356598176914	34.950730285541923	37.790024911118593	15.700937075266793	42.409900627524614	50.491286940462558	49.547577199763836
38067.003191401353	22.6397935335958	31.305946588357596	41.168383368618017	46.826276990604384	45.53316588796919	48.317928156435215	41.373868817528091	50.881958636171362	56.271489960325511	104.3025321490727	59.805425932992961	54.337760623602634	29.117400047560697	43.241906170193062	44.809238188744793	49.079053345879657	57.2622054745681	51.549205818149005	33.548534259805344	38.222593018850752	15.990083626431115	39.695218851321847	47.920370567427362	46.342835831750854
38967.003191401353	20.849247213623872	29.101395755586019	39.346207183107495	45.391980482686257	45.087106267056548	48.205564518342662	40.753926600871146	47.825015757171521	55.128481028241929	102.84295643893387	63.368364441192334	53.087267832033064	26.934281083496636	42.294684923091829	43.832635559142275	44.035131554899628	54.836880706170241	50.986244418054518	31.621111166639153	38.043028122837022	16.221951867512345	37.642658532033686	45.5891632096276	44.6002676576727
39867.003191401353	19.98327367316492	27.098765514909896	37.284131989755323	43.60967787537674	44.387296402451859	47.970025202621649	39.437478445415266	44.734596027674151	53.740753151092939	99.5979902261284	68.042933516644268	51.054958168841466	24.738226009571605	41.383961724439793	42.763036010966928	41.072843502490578	52.2591238619347	50.084041981353387	29.501128940920577	38.120671177818316	16.595502677133005	35.364384736429542	43.100958606076041	43.361301786646408
40767.003191401353	18.981534005415494	25.168201150178227	35.228362503909239	41.331448614754464	43.195218469513279	47.217374140833464	37.58399297110487	41.755368343154451	51.859138209324634	93.224821878217057	72.999225439319034	48.44139554378058	22.632799188890097	40.409069706643542	41.770300864980122	38.28509198931485	50.049922427459052	48.743478358425286	27.169454569622214	37.972697766945821	17.0198966374562	33.711156509531008	40.554918274598108	41.719969103891174
41667.003191401353	17.506152927970827	23.52952841854545	32.521312022000394	38.652130719306292	41.549602849592006	45.45491470990779	35.059478005515949	38.829292035582647	49.872974053316852	81.973096102796958	78.1172470081121	46.759276159637871	21.223683908280233	38.923946718442828	40.843429639280657	35.08437696705505	47.44507440271925	46.55107380222146	24.966006978207407	37.835577172813437	17.554405610082732	32.2656054947802	38.2612773824654	41.188314973828312
42567.003191401353	16.357733183468017	21.924858790685651	30.004163005906626	35.787556472238151	39.784846795522832	45.537575704391436	32.118451231847075	37.119298996453168	46.9969979963249	65.569663276686882	82.416604069587123	46.710693577641173	19.768524473233079	37.244262007886881	40.026949048198475	32.117872930339864	44.88135635775722	44.701747910424444	22.902358760447996	37.770808688450849	18.211128233163148	31.129268149193347	36.069634722602189	40.720427514932823
43467.003191401353	15.367854600882763	20.412985456134034	27.314261734998073	32.675524405807714	38.165238956875072	45.32298297045643	29.428336880579597	36.623505871490281	44.157750671727321	50.92991750828444	86.204231445004154	48.631447719175036	18.551878695874507	35.142151183141479	39.242431971922784	29.755644073530309	42.9947970248245	43.174726551555871	21.014897043676985	37.805097799332081	19.012694010996661	29.927985548743337	34.17436517246712	39.4993741062094
44367.003191401353	14.3714543831553	18.587159532365852	25.070089888567487	30.041455429489883	36.521839878667429	44.795699505808706	27.142073274099729	36.414423281735331	41.554703825382767	42.1804500566521	89.5707406913576	52.081505936061426	17.6198835441478	32.994364104531009	38.443876225236039	27.845598642277007	40.660620413141288	41.252220529438809	19.020373279381754	37.979368596387815	20.048270705252314	28.955236586799341	33.110636280934884	38.529001770337111
45267.003191401353	13.51667389474305	17.141366701841026	23.05544731714653	27.454127947188578	34.868712398033431	44.567468422912313	25.272198544530404	36.24913553143724	38.932511669574	37.922603831003435	91.7692544415551	56.455715647359007	16.894176613046458	30.996749966602703	37.52333853599167	26.34329805907548	38.350206770065405	39.591576980893286	17.914472399500593	37.97162912359525	21.13549820043561	27.894951858077857	31.985726891040962	37.142378855344283
46167.003191401353	12.557495783323891	16.170963186494003	21.852215941949069	25.535576593503141	32.510701110508464	44.58433225219337	23.734881683141129	35.549138168952496	36.337662663691759	35.34696049046844	89.978526643866317	60.798280421432892	16.298587878140538	29.065060403913737	36.477476795896223	25.03325648986689	35.74497942655664	37.7676356010501	16.446977028935454	37.63778707348915	22.656465071646675	26.872106335374603	30.870634429466875	35.55728950418537
47067.003191401353	12.082516251897793	15.17402618322523	20.70930510695754	23.651026583646697	29.93775897599205	43.425176448329886	22.371442122050805	34.041741674588792	33.5130477259336	33.135318140328955	80.146471479848969	64.372265701274031	15.808480901224961	26.993587581752465	35.574955838450819	23.748328475947574	32.692504779849514	35.53739036050429	15.198201829992005	37.154538442961226	24.1490319687865	25.86015185254886	29.66898020741889	33.8245237736917
47967.003191401353	11.912409071872693	14.097551056265488	19.756255345092079	22.054972007934811	27.522562825409327	42.733579175740147	21.102915660146206	31.81685441462545	31.206312357179	31.022129933676876	66.239454748480568	67.37285887863311	15.296356278024881	25.044246253203713	34.381250436194058	22.543868694110991	29.380093361029015	33.369123351687968	14.179785797446058	35.970077426733241	25.760354553587284	24.901091923987675	28.374134273629164	32.473064531841885
48867.003191401353	11.442574084472396	13.131390632092131	18.89909382386961	20.760509252803651	25.722148368475974	41.753174281247404	19.940601886764906	29.680809084252026	29.674136635614659	29.274046603200365	53.984030201458268	69.804363965983782	14.919688608214864	23.374763502991058	32.841809867891996	21.433919544187308	26.557465413433523	32.287201462219272	13.191761478219078	34.545728558018148	27.60699977132856	23.926892074439152	26.991405360552626	30.630814604520438
49767.003191401353	10.881901879241292	12.339159370580225	18.131106339993412	19.44787860962002	24.2377663950465	40.756309403622822	18.903221078226895	27.707137884037429	28.948515973432016	27.852833179500561	44.929734364468516	71.170658579621517	14.549905794438098	21.951792961713167	31.2132868582036	20.479826812477381	24.291093897976594	30.913285651576484	12.216810460479563	32.941900525823868	29.727666892586992	23.082196790990036	25.634459939455265	29.016593627637263
50667.003191401353	10.477718922137022	11.754714717185552	17.52739450679384	18.284911038071897	22.750858534933123	39.523668590144986	17.946629676441823	25.81870181189117	27.854379507673283	26.684897430906137	38.089612279834441	71.401841712745622	14.122643687948155	20.82204198783257	29.52204241092829	19.649543545343253	22.3185784418464	29.218732252868278	11.402427637003948	31.106768984643658	31.858437780955015	22.384307188307755	24.440686027636396	27.897468078486558
51567.003191401353	10.09618858167865	11.275416458724727	17.084486561256412	17.289622673146404	21.294715535035941	37.792502352083361	17.069980550327756	23.95694710180419	26.362661329176611	25.726024956060161	34.140610546832384	69.389816587884368	13.747358606492092	19.812577104416302	27.140873729894338	18.798480896825044	20.707021539545231	27.497607423376479	10.675720307732275	29.483683701338894	33.4825721529052	21.834219525394534	23.401545515594844	26.929445177714097
52467.003191401353	9.861227408540099	10.964459144391695	16.142205470405532	16.394928967634986	20.049242215090086	36.466661672872924	16.29490297507558	22.356560033587023	24.699951261676244	24.866939190666706	31.867281288440076	65.763125550447768	13.405624753650482	18.99861758053861	25.075591330750477	18.095268751426502	19.335484473737562	25.407798473533791	10.084625409593578	26.936413747898303	34.780950894537419	21.367094080381534	22.490476280430819	25.2648014349339
53367.003191401353	9.6875083902513328	10.544901336255114	15.202529295962762	15.596244028801324	18.923678754147964	34.669175646044842	15.630532546789206	21.045806841936734	23.175255224924413	24.185149218715928	30.199646571267163	59.74191498974443	13.062589194098406	18.259243776845139	22.85958527615589	17.461010403919889	17.976054199362792	22.913991856307351	9.5147538649608467	25.295870090341815	36.611036868333215	20.875483836687092	21.691196137981386	24.135040057781833
54267.003191401353	9.4887772018425718	10.204367291164672	14.475927193858139	14.887094622200683	17.948856023530826	32.26446029702673	15.04209082192499	19.983352185687789	21.835474239060584	23.524307591853933	28.739439232100402	49.335239187995505	12.778953264411515	17.555943259774615	20.865414473224096	16.867547297032612	16.714139971803903	20.274790115834914	9.0528924901331553	23.758585916485348	37.628302341626629	20.443762793795479	20.998372499926777	23.347582182007237
55167.003191401353	9.2042985920181959	9.9420979311307818	14.157852754325704	14.214294644989488	16.969348130325102	29.31668982685844	14.461305917326648	19.046904810639941	20.684231778591595	22.867483493304267	27.497651871847836	40.446326794572386	12.543325232922275	16.950012299007582	19.337280641902769	16.3522452584957	15.511359249086278	18.300272560488303	8.7532719915814212	21.869138943294512	38.394166062211283	20.059565299328806	20.333433518629068	22.181405576667775
56067.003191401353	8.9110930585038712	9.6606407433837109	13.686686983028483	13.664828987949047	16.153248546564303	26.239224836612021	14.007492517596269	18.259412370887635	19.65652856147716	22.287337933963467	26.597267898576913	35.630856000449384	12.229543065160451	16.469158050307708	18.128640377762956	15.872002388956563	14.594939175293888	17.171833456783045	8.428996885985784	20.141641508577514	39.045241752054224	19.694416417583017	19.708599811226296	21.459254894433229
56967.003191401353	8.7629122704099363	9.5034481849082724	12.940129272217536	13.155089481609084	15.414884255228314	23.339535689535786	13.571876883817652	17.46606397114699	18.783037624369722	21.646921791216393	25.99145102809263	33.307598383605828	12.034814802324732	16.037111814420157	16.827618185070609	15.46955133034033	13.821574963235859	16.222319216251119	8.1328429826863466	18.927737799670883	39.443030710852348	19.321851240294961	19.066384723093716	20.817589768275283
57867.003191401353	8.819018316803767	9.3736948507117663	12.751963285326756	12.641473003409928	14.76766177635254	21.435691815910928	13.176965249828344	16.786887747687839	17.9254363833586	21.088337302192286	25.409639839141462	32.09220808960324	11.869889180319355	15.688333145991	15.817518909756267	15.033232882324828	13.218742653519771	15.452526055276001	7.8482105298603111	17.70691275089046	39.574637765815858	18.942386555517047	18.557393838849954	20.382253493546628
58767.003191401353	8.8318398886995677	9.1942571067124312	12.26369669614679	12.263246454069206	14.218419822363611	20.207908131887777	12.800350138722322	16.210151908233414	17.17759581505068	20.445627952790488	25.007379908915652	31.374280999352845	11.710762440535374	15.335070323245397	14.923516804077776	14.690387527632298	12.750312291782612	15.041280460352102	7.6140777546323006	16.979974237494748	39.374885992812594	18.548841715003196	18.015774784923948	19.896489040992694
59667.003191401353	8.5590896018181439	9.0796064851096556	11.716232403494908	11.846819561207118	13.727505813869975	19.184033954793019	12.494955501469065	15.648294258166326	16.481202692062972	19.830888913389007	24.563018497161902	30.842387381511635	11.458548573072813	15.015602387984956	14.185791108701324	14.379381306413547	12.346181141045852	14.518488494170637	7.4033229644163443	15.919186419301445	39.397794893953304	18.200510697078453	17.511899995074465	19.273414775719122
60567.003191401353	8.3244178766924222	8.9783754857603331	11.336128523017711	11.445730410737532	13.282190569802319	18.20105420418404	12.184709313166136	15.162718689783276	15.83428258319536	19.023604493494016	24.154297282752989	30.396122936640417	11.249272517390718	14.732602520000096	13.433786630703002	14.037115255160357	12.025298056680342	13.688877652996656	7.1809465510060475	14.818828890859935	39.162693487791927	17.907627530268648	17.051879298295866	18.766619995995541
61467.003191401353	8.2508859552134446	8.8668810828259677	11.184459449897613	11.064400928872756	12.816618031951329	17.301415442864243	11.870494660383526	14.646249939400549	15.23682280285608	16.499364818785718	23.7354079497105	30.012758652291954	11.036317216088747	14.4561355156101	12.804998507473512	13.702861099922835	11.703805081173275	13.032646147672999	6.9918266044781161	13.955669168106979	39.180633016048127	17.574563749811734	16.514862912739179	18.216454004625689
62367.003191401353	8.24091409303217	8.7461894886320213	10.888658192318731	10.340331470983943	12.338103726254264	16.478340834906472	11.59869461523132	14.167314531565578	14.284094836653301	7.9501495867135263	22.944200347746502	29.699573331868269	10.828234738189609	14.196332907404266	12.19184788738966	13.03574060195205	11.332046561872975	12.324142533583791	6.7887874354503861	13.057175461931378	38.938672046305015	17.277314237474936	16.065396438688879	17.956072585862316
63267.003191401353	7.9912381760953455	8.6372494144795056	10.632071339211066	9.9763949557731415	11.919823771007877	15.723377190233052	11.320013326673132	13.76060313487527	13.693699939182654	5.4748349586594811	22.474313301878553	29.392944367500071	10.648591403360015	13.986083930116298	11.747292393053094	12.617973060110796	11.018906790603158	11.734233584998146	6.5443314816047984	12.296306705182515	39.087942045447548	16.928060700613706	15.596574615917017	17.379162429391755
64167.003191401353	7.7392871301062458	8.570866044736535	10.46374402369449	9.746873835526312	11.530362038783878	15.076640836786206	11.032185052829917	13.369060878535279	13.299911685551148	5.0678413531936446	22.073921236401972	29.096373463259852	10.478319909705858	13.710243054044495	11.367145784962295	12.423582909494311	10.760566388619463	11.190170069048588	6.3640728268098279	11.711206964134419	38.561355246101193	16.693789526225423	15.165054963803319	16.772441065568181
65067.003191401353	7.550193211700063	8.424758082713824	9.95974441587475	9.5386613813265022	11.275352155108225	14.515296142373583	10.810033241235541	12.986429450306924	12.911587759743563	4.8700548044539653	21.789730120548302	28.848144359225849	10.327843003453904	13.552437975475321	11.059125997663076	12.187837429841055	10.51938417428878	10.718427258864363	6.14517534151773	11.245221192164518	37.842264437987886	16.3552728435397	14.717192626130816	16.239628075485466
65967.003191401353	7.2637547555311173	8.2770714872693336	9.8095620458478727	9.3757169283341426	10.990017289012679	14.035835418643559	10.537613025516345	12.638200820590445	12.512319916383534	4.7584686823696858	21.5207234164156	28.563869397081611	10.181184322388024	13.353696698123734	10.744124534715667	12.02196526961372	10.339981853633507	10.358279571820189	6.0575837375944372	10.948208251636521	37.641099003663754	16.081897785751231	14.318654372185868	15.748212170567884
66867.003191401353	6.9396018084650208	8.132085378434887	9.6550909688911943	9.2674405228006869	10.76293040299784	13.631453236820663	10.346635577852911	12.325256800183103	12.240060445067726	4.6582931665574536	21.217523414492437	28.304954642725892	10.021070203489964	13.175239652729326	10.527024828769068	11.899478894957017	10.169754901127588	9.9766398278187474	5.8955380024695128	10.64188932275043	35.712843427834088	15.739720404876758	13.927279779774135	15.406665870680254
67767.003191401353	6.7101479114270495	7.9820524157149055	9.4132096478923177	9.06888694762225	10.520529413485201	13.229471727884022	10.095583645156031	12.022953729006245	11.942160349277749	4.5232562553287554	20.890517218280753	28.048184196222948	9.9041342206527538	12.971810152173818	10.288645779610002	11.71670182119505	10.036744571418293	9.66594351018981	5.767223210533917	10.263201911224437	33.150919612828147	15.441165929791479	13.585934240520462	15.049348514304773
68667.003191401353	6.5539520923619312	7.8319861930142132	9.1558185199516071	8.97375695282251	10.275015571294658	12.870163286256291	9.90875914481515	11.747166445143693	11.641135915278991	4.4104314312960531	20.564690573707328	27.788067941284236	9.738266315260665	12.754278259664629	10.102489827102456	11.579202996448149	9.9050249070812946	9.434743133409988	5.6280695069283695	9.950654179657672	30.509602168004985	15.164116785021097	13.274328829358527	14.723898451258703
69567.003191401353	6.4895809659248656	7.73521181126239	8.9534778285062391	8.812874107513899	10.098418607570592	12.57277894525982	9.6843100290999171	11.48366032599332	11.363189125201316	4.3465080357760861	20.302293421660348	27.521627190233556	9.5967477868838529	12.548028213747692	9.9278429804522759	11.43051641588406	9.797314635280264	9.1922506498172	5.4983715804435684	9.7058784902735518	28.231510930817926	14.866860441494879	12.89561744983871	14.373430591441098
70467.003191401353	6.4358906269772636	7.7551676050074345	8.9555646986705533	8.74583716754843	9.89184026512181	12.274968156177216	9.4729097560545	11.217259461897006	11.086974575579786	4.2180190460832208	19.992114564683646	27.252781548698565	9.4443077618685312	12.32769333887577	9.7611006644018072	11.265870379087026	9.6755108970871628	9.0074223209181277	5.3686377511179231	9.4087888961021235	25.329011095223823	14.574642868693466	12.657420369024203	14.0421627825707
71367.003191401353	6.3053327533636194	7.7086020528579624	8.9206893977250772	8.60244777690004	9.7396704534658234	12.038338981945264	9.27112436542325	11.010745545050424	10.85219859494377	4.0981948507564905	19.662005998285263	26.961738737598441	9.27799636776477	12.121091121883946	9.5775019628705564	11.125621613669749	9.5814818830736428	8.8657924498930374	5.2720894060815642	9.1145437798410729	23.422466286432243	14.329627055966375	12.379108539529184	13.773523451797159
72267.003191401353	6.1796900009751248	7.616850023521045	8.6946715938927923	8.5137356610589858	9.6075065969708362	11.809899918150745	9.07766677857946	10.785877276585174	10.597922312269185	4.0244022940331732	19.315137600633953	26.68462384437121	9.1255186623875773	11.910854397301343	9.4253935039602759	10.952792782865698	9.4879554180424215	8.6680062117035028	5.1436170998718858	8.8217622488512681	20.865999346456736	14.096763061455027	12.106654869959421	13.45655283888115
73167.003191401353	6.0281661322968292	7.3559927616948189	8.3909014619598565	8.435255621458273	9.458347959407222	11.592501103849845	8.8896456605500962	10.601138104737006	10.401044665895741	3.9634795899864712	18.989828393316664	26.367496082121903	9.01451295465077	11.685286345222854	9.27627799799364	10.861078865030516	9.40722711290867	8.5211432950011439	5.08983206269012	8.5656028930343311	19.353871173554055	13.855276429923928	11.832913089804796	13.1588816021583
74067.003191401353	5.9282492930165107	7.1693844656598982	8.1222851010938069	8.3445036104176	9.3112963233766131	11.428092516369258	8.6891965663509172	10.379042051034169	10.169180693290361	3.8435402736353352	18.653920259100158	26.045262754891429	8.8976562589579	11.50787118895628	9.0970313298494681	10.724150748367224	9.2973321277856034	8.40470461637669	4.9575962908957161	8.3193191592267723	17.438937756480335	13.617893488212511	11.595846404539623	12.823236598780929
74967.003191401353	5.8614059991903256	7.1099428811254555	7.9674848496039692	8.2655731219624311	9.23060594977903	11.242636234552297	8.5080992772819073	10.199638608395722	9.9651741088811487	3.756418210473234	18.304939639142638	25.715712676512528	8.8024490455138924	11.342630855731498	9.0214488732090281	10.588437542634056	9.2586940695005762	8.26955519494437	4.90211127879337	8.1035612801640386	16.059308607509557	13.4103278512594	11.371006426129171	12.546662942376129
75867.003191401353	5.7749030733527986	6.9544481943543186	7.8117922155451636	8.18266041828115	9.12835198819721	11.034798464731676	8.3619563512623465	10.001062952036849	9.8129002880719138	3.6723396568024449	17.950632803045519	25.370221853425232	8.6946820709968282	11.129063041460581	8.8539633833841638	10.43921796167851	9.1370366789183279	8.1528591481217738	4.8341295893675422	7.9747097072178379	15.30584692653871	13.247986159525238	11.119465039467034	12.270473301173878
76767.003191401353	5.6233067564929673	6.916374983979753	7.635017990389545	8.0959257878007254	9.0655025134331328	10.957629564864595	8.1901932873979959	9.8397042819148144	9.5819457986898922	3.5908165903475964	17.60706948966159	25.026738953042649	8.59248398102377	10.957032095168298	8.7351339758484432	10.327747632921033	9.0593120607817514	8.0314812354109666	4.7672786945088763	7.8316131704147267	14.550655783026803	13.090412902071181	10.917988953530427	11.979122882621615
77667.003191401353	5.4976268865266533	6.9083996193326644	7.5114521714850042	8.040390551386448	8.9686618103380429	10.764720808310987	7.9907433992282435	9.6371030394857069	9.39884648724304	3.5149216071854767	17.2305994340198	24.619877869216161	8.4826876331189727	10.738907028206969	8.61086460274248	10.195326566360496	8.989574350696877	7.9378426146975363	4.7221202302455225	7.682624941123426	14.025788218681891	12.864725136088858	10.699659752564475	11.747078644365235
78567.003191401353	5.4050412067529692	6.8282484959362435	7.4692307695740769	7.9510518596778583	8.856812324191619	10.632065430614116	7.8274505057965822	9.4667722272579642	9.2133619489430583	3.4503299536474876	16.777819269334422	24.265283605273257	8.390099247356682	10.571247495633779	8.5021577365791146	10.077137435711277	8.9117155794378711	7.8341469673811108	4.6625018346481246	7.6083168621265678	13.552705130931075	12.730464724593702	10.459031734526748	11.50366811360932
79467.003191401353	5.3416185414110551	6.7454051166587767	7.4900611925468006	7.8925989804119734	8.78330093372775	10.495516804174127	7.7226402840355846	9.3408446268538885	9.0173746970053283	3.3445622479989967	16.290563788736343	23.806884780262894	8.2586713046397033	10.425189181416355	8.4012221436815739	9.9158279464442174	8.80859794782153	7.7363019751439568	4.6202969376332215	7.4687855057836545	12.833856820805648	12.513857095739862	10.223204955699494	11.213582563516439
80367.003191401353	5.2177042374444556	6.6690431744726739	7.3334940729922735	7.7810720608769062	8.7024776435824656	10.393821454138582	7.5336380079152514	9.1629594584658047	8.8828287279811651	3.2647497664805036	15.724421066560705	23.449501415192238	8.1706792192799	10.238663273669157	8.2615150056368112	9.797069819106941	8.728126152439394	7.6342246118825789	4.545159445269638	7.366400789934195	12.243084395563539	12.326061990035313	10.011930597182653	11.005556423825077
81267.003191401353	5.115304313791599	6.5266364181143448	7.2179906169117967	7.7365898865297593	8.5960405133383055	10.245395464588535	7.3680188906998421	9.0333680937506742	8.70482942641787	3.0974085802902489	14.013215536610165	22.942798999985754	8.1089693803909864	10.078475432643398	8.15295458562131	9.68970833320905	8.57415951807177	7.5444627676253555	4.54952142877037	7.2718070494451892	11.682387139089842	12.169074656937816	9.8007547219928242	10.752037558740883
82167.003191401353	5.0588912787470885	6.3214411947126967	7.0215681797822969	7.5782652625139342	8.2492324115646962	10.05327544171122	7.2274439992765238	8.82054795597007	8.55722403175227	2.701733925229969	7.8035968956524862	22.099837746680461	8.0169166300648289	9.87474756921698	8.0353414186864551	9.4374868341254459	8.11177833932184	7.3564345121557242	4.51980822557248	7.2083909938277957	11.181570781556246	11.955255579668631	9.5513680285490619	10.523913497067339
83067.003191401353	4.9488627966831329	6.1571389909159988	6.8199758175157958	7.444389543433779	7.9533946200136967	9.8795409771287144	7.0473036501802744	8.719121057082	8.3729247018788886	2.4576477601368043	4.7164245766806348	21.461061956937872	7.8964326898583188	9.7320725205542242	7.90829799061685	9.2415672372697735	7.7894954128228724	7.1952324605246529	4.4599107679320689	7.087762240817427	10.791073570058181	11.805622307843247	9.3093928519639011	10.246173977433292
83967.003191401353	4.8556856475417653	5.9840982336113751	6.6895287259270058	7.3925613765339415	7.8583729608497173	9.7360232883443558	6.93833522582744	8.5554478230071371	8.2205301484202575	2.3318083471715902	3.9954525579058857	20.976740681538725	7.8700362127036438	9.583333689550221	7.8006219020899943	9.1261624276598816	7.6601232405435429	7.0774185872210129	4.3840807012025733	7.0356245355616682	10.532036779254733	11.591068801987584	9.1368231304853484	10.049972798067953
84867.003191401353	4.7999780402497008	5.8310567282029035	6.5853995700949932	7.2780096609539058	7.8094189091123827	9.5636759415801489	6.7401126892777219	8.3879631421513885	8.0856538737515855	2.2519630114515481	3.759954017672682	20.497010770451585	7.8063605931658877	9.4316307807535811	7.6710274074991185	9.00778788565717	7.55843760036771	6.9476708455491183	4.3437189084056955	6.9765162416134077	10.187902070811003	11.442973835954581	8.92185284618773	9.8395459916795271
85767.003191401353	4.753815419255969	5.7818028544281059	6.47703144513067	7.2232920671057972	7.7400810668708173	9.44641223546123	6.6364067418569022	8.2158880951218887	7.9236845182737543	2.1649156206296944	3.6501077119742469	19.984053872522107	7.7791986486354938	9.308637528701265	7.5798083868554391	8.8635855882017651	7.4627482526462661	6.8649261263974664	4.3419652495666838	6.9039580191119576	9.8925721380919143	11.234490422463642	8.7000793570270432	9.59436337141657
86667.003191401353	4.682965344032155	5.7553008436945357	6.3810505600980605	7.164300524292722	7.6782421921452144	9.3008043322076279	6.4851776815939379	8.09026801381224	7.7950642357811031	2.1063033314399311	3.506449396890138	19.508686385439379	7.7515332630666247	9.1857034837624241	7.4499123976213859	8.7585224118171165	7.3837387445215548	6.7851519361856871	4.2752408027738893	6.8283055550581979	9.6223735495899465	11.046164172023033	8.5164636724341118	9.40891615988332
87567.003191401353	4.6627461705195818	5.7077000106689226	6.3356973066744509	7.0522140471993966	7.5978683003904584	9.1486482492311	6.3621849183868111	7.9722065825270016	7.7006011079026973	2.093785978147455	3.4043775559446812	18.83142357683402	7.6900175675517728	9.0548223129076675	7.3717580794531967	8.64980032856621	7.29437668946346	6.6909437931306535	4.2766499209905309	6.79209064596536	9.336221312265069	10.8815174071386	8.3661420853843449	9.226588103186586
88467.003191401353	4.6428410231018891	5.640714239534403	6.29653785955944	7.0271093717770228	7.5505788371443545	9.00790668243538	6.2326370359349808	7.8364981126223512	7.59209539375294	2.0333338780505814	3.210241858840404	16.657891922013508	7.6297531611321476	8.9921331744154767	7.26187076724551	8.53291800488307	7.20024700078183	6.564292179351578	4.2664913938030953	6.7184751631791952	9.10502092730127	10.735382510371391	8.22567985886051	9.0755296466982625
89367.003191401353	4.652134313644801	5.5917499944543412	6.2899298522887257	6.9199539075380523	7.379385532075986	8.3261806602715431	6.130288692548306	7.7443338364208882	7.4772350670057177	1.9666570560059451	2.5229206541409326	6.5125359022216927	7.6136396756919229	8.8823322172962751	7.2191576527250367	8.4103252019923254	6.9798572892090105	5.9279762246480905	4.2307119130735984	6.7109452559173564	8.8570809387509239	10.60536024200796	8.0385709671818475	8.89027223905814
