Time	B2	B3	B4	B5	B6	B7	C2	C3	C4	C5	C6	C7	D2	D3	D4	D5	D6	D7	E2	E3	E4	E5	E6	E7
2992.468119	-3.879127295	-3.194459458	6.339339501	-0.107945224	-1.913375517	-3.037418715	-3.572955935	-5.187284484	3.531297026	3.584763528	-1.777739282	-2.100252649	-10.32188857	-4.975255425	-5.669994238	-2.949721877	-2.701596522	-7.012532483	-1.334480949	-1.687804508	-3.796321792	-6.687866285	-5.662086644	-8.047065919
3892.468119	-2.879392053	-2.885523728	5.212819521	-0.574806543	-2.004265843	-2.529582717	-3.189586965	-5.07320834	2.817848493	2.462503062	-1.763796826	-2.087643296	-8.594406078	-4.956058573	-4.852387728	-3.089564766	-2.316720386	-6.555032183	-0.608766002	-1.965465317	-2.945365006	-5.721412309	-4.933987504	-6.330242758
4792.468119	-2.111978195	-2.512311002	4.622023645	-0.560145707	-1.942953116	-1.985245315	-2.543133104	-4.730173409	2.521997007	2.098408428	-1.575584782	-1.765414471	-7.220812729	-4.774840965	-4.0517913	-2.806952851	-1.714049901	-6.043559211	0.025148455	-1.988528011	-2.102455579	-4.900465194	-4.230184914	-5.063080662
5692.468119	-1.51234223	-2.256507827	4.139920623	-0.391809562	-1.926025263	-1.559545421	-1.850496748	-4.473890539	2.36282189	1.894718123	-1.434499331	-1.514936099	-6.105828738	-4.651156601	-3.475426842	-2.503905577	-1.279695679	-5.588733303	0.567100831	-1.934387629	-1.445755233	-4.179123068	-3.686243286	-4.074252398
6592.468119	-0.988418386	-2.097887702	3.774702919	-0.024421994	-1.877488635	-1.312718335	-0.950787216	-4.228896291	2.203928353	2.020116895	-1.305635753	-1.35167105	-5.110394196	-4.536228046	-3.104814225	-2.240243848	-0.970780994	-5.266439364	1.050717807	-1.892107588	-1.0586929	-3.606705691	-3.258423059	-3.412272374
7492.468119	-0.500635531	-1.869525732	3.562177187	0.483859643	-1.772984295	-1.118809579	0.268802897	-3.996542869	2.09990712	2.407470101	-1.148683995	-1.223225519	-4.196839649	-4.394135667	-2.78160602	-1.830403127	-0.712745423	-4.957880764	1.676342133	-1.854196434	-0.764459824	-3.084318196	-2.934248979	-2.898159806
8392.468119	0.058340663	-1.688778109	3.322630529	1.298504307	-1.652782209	-0.913936013	1.525403133	-3.654478708	2.018893677	3.266949111	-0.995282931	-1.11280482	-3.177481168	-4.260504757	-2.554286519	-1.272942912	-0.485441303	-4.761418523	2.54362769	-1.683847706	-0.484916965	-2.513268695	-2.638503796	-2.482250778
9292.468119	0.727878348	-1.475892322	3.192986102	2.434748175	-1.456910541	-0.792949512	2.94612022	-3.318206237	2.023714844	4.2858187	-0.742166428	-1.024114002	-1.866077158	-4.020665309	-2.314920933	-0.550407031	-0.315546008	-4.54795283	3.623914345	-1.490564725	-0.27884143	-1.86045558	-2.375300682	-2.193508631
10192.46812	1.613385801	-1.270224681	3.107276939	3.648480523	-1.190631948	-0.638273031	4.72211316	-2.909672093	2.035941159	5.196479938	-0.462688609	-0.957430969	-0.385868663	-3.75781766	-2.086887008	0.269415306	-0.091125626	-4.341969241	5.099994405	-1.101284232	-0.068205541	-1.05323512	-2.068263605	-1.900502292
11092.46812	2.830148059	-1.020655606	3.059330195	5.13005529	-0.827026616	-0.458018896	7.071373559	-2.31215577	2.090767018	6.282104468	-0.170664018	-0.87391352	0.826386742	-3.492919958	-1.876637809	1.080551278	0.146079358	-4.188603322	6.552416188	-0.696738353	0.121231707	0.252889808	-1.765943123	-1.702687218
11992.46812	4.400106255	-0.660494738	3.037189743	6.923265209	-0.221339938	-0.294899141	9.577117146	-1.445061925	2.16225269	7.360273029	0.307668944	-0.764449202	2.177136028	-3.029586185	-1.68508721	1.924140232	0.384095607	-4.001748788	7.505248874	-0.055759271	0.310775049	1.62576661	-1.452890635	-1.474436721
12892.46812	5.902675015	-0.302955836	3.078408637	9.113106013	0.684518971	-0.098786554	12.49931502	-0.259739686	2.310532616	8.715171655	1.036640086	-0.655226809	3.753132927	-2.545201769	-1.422182459	2.942594452	0.711354195	-3.740954052	8.696381484	0.982577604	0.522572507	2.935280939	-1.06514803	-1.279513052
13792.46812	7.445130356	0.190916836	3.147213427	11.60103062	2.013447523	0.182277866	15.70163158	1.049817835	2.587046873	10.81560157	2.068296682	-0.51832043	4.7057928	-1.821324727	-1.137599274	4.18218791	1.139222008	-3.538437277	9.861599759	1.98859395	0.779229458	3.914199924	-0.534923114	-1.1124258
14692.46812	8.13642599	0.798626006	3.301788012	14.67859995	3.563372294	0.530102903	19.47301699	2.585868612	2.921614524	13.11596541	3.415222049	-0.331481092	6.072210954	-0.944864926	-0.791802527	5.793490843	1.749284219	-3.304946957	11.00974078	3.315424868	1.033005381	5.221941639	0.103669413	-0.923944417
15592.46812	8.868113995	1.481442471	3.476947703	18.75562893	5.081603784	1.022855719	23.54968759	4.383871694	3.482266441	16.1508046	4.803192092	-0.09110543	7.859244977	0.011763141	-0.371447392	7.714341759	2.393025248	-3.132235632	12.54161746	4.630735868	1.447496116	6.798150879	0.851292284	-0.774741884
16492.46812	9.620006197	2.29072495	3.738022643	23.51170549	6.907215193	1.692943076	27.32197185	6.474043077	4.415424148	21.08950512	6.568465496	0.251229184	9.802151084	1.26154713	0.227716125	9.962172612	3.212656682	-2.869340809	14.60767819	5.748310013	1.930864184	9.174180968	1.88250938	-0.593816169
17392.46812	10.46817982	3.22757824	4.076179622	28.61585937	9.224803864	2.733584782	31.59940227	9.122737956	5.595162148	26.92429052	8.93465443	0.716654244	11.97747082	2.689709466	1.023857204	12.87881313	4.245083039	-2.625061908	17.01859682	7.068592234	2.695448752	12.2546232	3.210016406	-0.329733419
18292.46812	11.57801072	4.299798023	4.520244434	33.95565985	11.97776139	4.232877929	35.7304873	12.03377393	6.842835357	32.59819492	11.85954406	1.436009708	13.87478895	4.036541491	1.879230456	16.77196022	5.545707619	-2.283191179	19.85943352	8.597672914	3.880998404	16.93591176	4.916608487	-0.020668263
19192.46812	12.63698995	5.365698439	4.976289196	38.89653729	15.32089745	6.129229682	39.29877976	15.30907249	8.27545409	38.87763194	14.94521981	2.50102848	16.4259373	5.477196657	2.913735528	21.02374869	7.021503813	-1.831254613	23.06127223	10.28738862	5.463339199	21.98769756	6.603671364	0.379706954
20092.46812	13.70349662	6.412724234	5.538927887	43.6155417	19.29264636	7.687913283	42.59546501	18.62380835	9.916892064	44.43220522	18.19176576	3.867187859	18.59137772	6.648642286	4.032654221	24.9339914	8.617005389	-1.280243808	26.99998443	12.29993191	6.974593486	26.76810128	8.45436471	0.969541309
20992.46812	14.56700528	7.354085811	6.088537627	47.53558175	24.23619834	9.697307073	43.96723003	21.88577727	11.80795318	49.7634033	21.53212896	5.550812984	21.61991994	7.858723856	5.231166408	28.7850022	10.31282073	-0.719102732	30.40874918	15.15449001	8.733914529	32.29722444	10.64471162	1.704007845
21892.46812	15.47629666	8.3568925	6.766660686	50.32533554	29.49448635	11.87315247	45.84423897	25.36852038	13.76068108	52.40237836	24.86559546	7.684034521	24.69588686	9.947633819	6.419230079	33.65203119	12.35553797	-0.006312116	33.19421958	18.41242536	10.71371087	36.99873053	13.47102071	2.700544647
22792.46812	16.53080545	9.385685857	7.360121041	51.4446839	35.21450842	14.92442017	47.18246957	29.02264037	15.92298333	54.43839887	28.16543051	10.01222015	28.02961128	12.1785179	7.79098904	38.64268517	14.77605372	0.811550093	36.41398326	21.63473248	12.78032912	42.76022123	16.9414948	4.076568511
23692.46812	17.89032388	10.16207081	8.014101451	52.01016807	41.30875792	18.9480143	47.75370772	32.67278586	18.08353188	54.91587985	31.31706977	12.74465711	30.5700449	14.19497289	9.374657653	42.4596702	17.72140193	1.949721795	39.68578111	24.923053	14.68423576	46.75454235	20.83831515	5.606053784
24592.46812	19.2642519	11.48846129	8.655095417	51.36869383	46.83820552	23.17027599	47.90002964	36.56882479	20.225429	53.79851158	34.31168066	15.89334776	32.68638322	16.55942023	10.80140085	45.17635836	20.8756619	3.229605773	42.18757635	27.85502139	16.54868041	50.22771489	24.73131678	7.290735444
25492.46812	21.04164037	13.01543312	9.310373168	50.34962004	50.8499667	28.12615101	48.30735188	40.15251888	22.3760636	51.18875174	37.22008881	19.49138051	35.16106967	18.82535441	12.53904688	49.09317605	24.65859189	4.952561047	44.45723511	31.59648641	18.49150591	51.77819758	28.33003104	9.301939089
26392.46812	22.49504915	14.32181901	10.0681834	49.86902951	53.58927217	33.50445368	48.01877838	43.0294485	24.8023096	48.98374688	40.34246373	23.9735525	38.01228852	21.30646576	15.20527801	50.57553111	28.31020506	6.674199044	47.04302674	35.22129748	20.67956667	52.69872065	33.12604923	11.59675265
27292.46812	23.3781858	15.92578211	10.87967722	49.23518421	54.29815199	39.15443827	46.51397165	44.95605932	27.27585951	47.78923629	43.5363135	29.73965053	40.74564897	23.54754456	16.68417393	51.34422535	32.4349222	8.673552182	49.6523369	38.68057404	22.65769066	52.75122081	37.47371537	14.31239138
28192.46812	25.46100051	16.4277877	11.69692037	48.55978542	54.27773883	44.64645886	45.26853335	46.45167963	30.13956793	46.30950215	46.34108193	35.93157444	43.65848169	26.04311879	18.28059869	51.25516366	36.53439872	11.08420962	50.20669473	41.93208424	24.47408102	51.83259635	40.9935954	17.87902542
29092.46812	26.5938833	17.9501728	12.59052518	47.60288362	53.0447496	49.19634988	43.17847887	47.20508809	33.62306146	45.33341829	48.07917528	40.53321177	45.63144645	28.71428836	20.59216852	49.93430326	40.84400472	13.41399679	50.18312651	44.44838853	26.41884756	51.24402916	44.34647005	22.19144774
29992.46812	27.82594762	19.05379024	13.54317334	47.4148072	51.59685086	52.64726027	42.27437325	48.09943007	37.08699949	43.35166068	48.02591864	44.49709453	47.90142616	31.66556326	22.21763156	46.892667	44.62234966	16.30739733	49.53977179	46.76539998	28.218983	49.8403835	46.24353347	27.02171392
30892.46812	28.59549496	19.35161026	14.55017641	46.14033955	50.02964411	56.01219953	41.19139712	49.16625423	40.45062972	40.98554014	48.03704109	49.34466414	49.36679472	34.20400551	24.40322616	46.49260935	47.20036722	19.85465557	48.62387733	48.62476803	30.19908588	47.54501225	47.97300495	32.01594267
31792.46812	29.67928166	20.86259317	15.5353575	44.85280125	49.92676151	56.7529218	39.95587685	50.14254158	44.19096608	38.35312588	47.87307448	52.69864616	50.39064755	37.56097006	26.79499803	46.37690665	49.65579757	23.51600558	48.6935432	49.92221097	31.76203509	43.30580534	48.32680527	37.1774125
32692.46812	30.61357857	21.82466459	16.14377477	43.12893237	48.31191209	55.78549435	38.1636253	49.44844512	45.55117428	36.32654631	46.65127675	55.32825288	50.6774597	39.92000811	28.74646874	45.63821236	51.68491468	27.99935232	48.92317809	49.75692744	33.14036241	38.79206347	48.32578924	42.35973118
33592.46812	32.04254918	23.15057408	16.88094584	41.10377019	47.16855653	55.04332127	36.56338683	48.63579512	46.02293698	33.41979415	45.68133455	56.21062938	50.20913041	42.36746205	29.83437855	44.54809298	52.92924231	32.03849795	48.19210965	47.78613735	34.16738746	33.244928	47.22212038	46.38519659
34492.46812	32.43075077	23.91667374	17.06453137	38.79753806	45.24474788	53.51099658	34.93111015	47.31277062	46.55495066	30.50415406	44.2621961	55.50707604	51.45277105	44.77005826	31.5409563	43.4142917	52.85929136	36.54981866	48.27650408	46.51499536	35.13502914	26.20005579	45.58017498	49.99023661
35392.46812	33.20605091	25.45277743	17.68277576	36.4666235	43.25453512	52.50629391	32.97398476	45.60508964	47.31095483	28.61985619	42.78935288	54.70228557	52.49594781	46.42478148	34.27292001	40.94559366	52.28925373	40.59668909	47.960405	46.09867289	36.66926769	22.49211677	44.74321449	52.91022028
36292.46812	33.87884041	26.46335764	17.79726164	34.12554529	41.53993851	51.24853245	30.66051172	43.17106905	47.37396041	26.75860487	41.24876575	52.37366806	53.92056587	48.26209046	36.47359078	37.41643532	50.11533858	43.78952525	47.80680967	46.13207265	37.57034483	20.53124028	42.31811859	54.91300469
37192.46812	34.38441643	27.62812864	18.5351473	31.8788017	40.0473641	49.7993111	28.0846951	41.87549996	47.60185161	25.0313314	39.87513514	50.00070554	53.80699945	49.34943116	38.4402058	33.781925	48.58891995	46.80288926	47.35273685	45.3966494	38.86836901	19.72021408	40.95298313	56.20106538
38092.46812	34.64363154	28.86925441	19.23096112	30.26378075	37.99754477	47.70847218	25.78352289	40.58649123	47.40548459	23.77188039	38.48393276	46.93966017	52.02446384	48.28998006	40.24746122	29.64738974	47.48062908	49.88904284	46.46349078	45.12417402	39.96578378	19.20053964	38.25240826	56.16338593
38992.46812	34.26552675	29.94412051	19.74903965	29.08983149	36.33690213	45.6457648	23.66699493	39.36751191	46.81746199	23.00879385	37.13267938	44.95644295	49.40488534	49.33612723	42.56453219	26.4836666	46.7174048	51.69746126	44.92708107	44.48842909	40.82370488	18.90435286	35.72186587	54.3875602
39892.46812	33.93242387	30.58996371	20.67165645	27.90861862	34.48666517	43.8042552	21.75866622	37.49663066	45.77286068	22.6573656	35.93612561	42.93185432	43.51577556	48.3969199	44.80186351	24.25267248	45.70012646	51.57545036	42.92894999	42.96627568	41.50536672	18.5787062	32.48531096	54.48055274
40792.46812	33.89218997	31.51117776	21.18015188	26.88163338	32.67746875	41.9009804	20.28534769	35.67990651	43.9159615	22.34907984	34.7153721	41.3118931	39.26624445	47.68337127	46.63292788	22.48589822	44.6795335	52.68688752	38.74218471	40.20574853	41.49966571	18.28166387	29.07681856	54.00591305
41692.46812	33.43634494	32.61765525	22.12797314	25.96598656	30.90197924	39.88260695	19.35840628	33.65615169	42.52832104	22.00518235	33.21298736	39.60943955	36.89610703	48.41134848	48.07260821	20.97032024	42.81846955	50.57829371	35.69487308	37.63403085	41.39648697	17.88328897	25.54790897	51.90388326
42592.46812	32.83668782	33.51705186	23.08909852	24.94765088	28.82740651	37.55873908	18.69193938	31.13187958	40.767322	21.55820223	31.43315277	37.77140382	34.90103204	48.14051464	48.77391719	18.99547832	39.40731195	47.46488545	31.45528734	34.57029959	40.80857741	17.3335883	23.06319372	49.0850279
43492.46812	32.21574869	33.20617952	24.09169979	23.78680819	27.16234101	35.39746686	18.10586901	27.92407403	38.87736907	21.14923909	29.91399003	35.24711601	32.15634763	48.02662852	48.39548332	17.54930212	35.28930094	46.98611761	26.59831955	31.67702653	40.21495396	16.5979351	21.41356531	45.84760822
44392.46812	31.54283486	33.75062151	24.95870234	22.53363984	25.7725002	32.33497372	17.53173797	25.60102349	37.78884764	20.79694539	28.47071135	33.10505147	28.56607611	44.34297474	48.06022873	16.44033582	32.01459967	45.17230696	23.02275275	27.91797726	40.08562894	15.78343445	19.91744018	41.77613141
45292.46812	30.95016774	34.25412795	26.04955868	21.42953615	24.59482481	29.67089927	16.99052949	24.15373343	35.79829048	20.44619264	26.93372397	30.83421785	25.26154333	40.85412195	48.70700263	15.5026922	27.80723505	44.05923977	20.38310611	24.59637183	39.73463507	14.82291388	18.66666723	34.64683758
46192.46812	30.18398249	33.83579011	26.88109925	20.49017893	23.70902769	27.23963296	16.65135477	22.86113617	34.59899504	20.14315677	25.64176476	28.35299982	23.0449628	36.2967412	49.14664814	14.64114547	24.10739518	42.68204986	18.74047782	21.55565515	39.41818866	13.90988035	17.74056658	30.25621628
47092.46812	29.58397494	33.93011315	27.80619085	19.59349443	22.72079372	24.50141547	16.18747969	21.54148008	32.76442282	19.82787123	24.79445182	26.62969996	20.75483354	31.22430678	48.79956275	13.87926173	21.28761729	40.96631148	17.79080259	18.92242401	38.76692782	13.08553373	17.22495054	28.92149801
47992.46812	28.93680477	33.31918938	28.5819939	18.90134191	21.72933357	22.67011717	15.77023334	20.48696075	31.09392073	19.55045711	24.06059477	24.79858431	19.00767624	28.94806087	48.83755479	13.21250609	19.60237286	39.12934413	17.12905259	16.97024143	37.60730816	12.44021698	16.79909008	28.12360379
48892.46812	28.10084219	32.45002092	29.1600765	18.30215345	20.79894076	21.22248793	15.4141475	19.20736599	28.63207373	19.2535473	23.83064655	23.19566041	17.48981364	25.80682413	46.04533723	12.54813381	18.35662669	35.94276558	16.48645841	15.44349203	36.58253446	11.8697154	16.27358273	26.78274019
49792.46812	27.347584	32.0149772	30.46570659	17.7001074	19.96763672	19.92593892	15.11226663	17.95731877	26.16973944	18.95001009	23.77880516	22.05002219	16.31301826	23.1778337	43.2857984	11.88488982	17.35819082	32.50869343	15.79022144	14.11724148	35.31123816	11.43285965	15.58458767	25.40452955
50692.46812	26.53575469	31.34935973	30.61950072	17.16453822	19.18077288	18.73018241	14.7912171	16.89555646	24.14229066	18.71482445	23.96513047	20.92941765	15.3710577	19.72432211	38.94789056	11.29395862	16.43345174	29.20940061	15.00071428	13.03205607	33.73584671	11.04843076	14.71321077	24.15710472
51592.46812	25.55811608	30.22695264	31.42971593	16.69300756	18.47750257	17.80187294	14.50118216	16.11152053	21.97833498	18.47308814	24.26495985	19.97185128	14.7413392	17.10699525	33.23902161	10.56786014	15.52586249	26.01832311	14.28860024	12.1501068	31.89431058	10.63706595	13.84007753	23.16678426
52492.46812	24.66061582	29.71903938	31.42790145	16.18886769	17.76785456	17.12236003	14.36417915	15.63261812	20.14576175	18.22744036	24.58246749	19.21510284	14.24237023	15.36681246	28.70722903	10.00104533	14.5833935	23.80282706	13.59232193	11.33659665	30.10163872	10.26695137	12.97810056	22.05485853
53392.46812	23.6060471	29.42595574	31.83563285	15.77889692	17.08756246	16.5387162	14.26808275	15.26875335	18.71819637	18.05165986	24.99945192	18.65179861	13.62243406	14.23527388	25.67296158	9.562602642	13.74173863	22.10169141	13.01427139	10.66701785	27.7783543	9.937268847	12.2765086	20.88423833
54292.46812	22.42758176	28.35251931	31.65027117	15.35034479	16.50198246	15.95057133	14.14831927	14.90740527	17.61372172	17.96675178	25.40051516	18.09423828	13.14989443	13.1516516	22.73885741	9.149305857	13.17217359	20.63256513	12.47568907	9.967551193	25.43439543	9.607030415	11.66391407	19.3562955
55192.46812	21.38955824	27.64342044	31.3829412	14.98521504	15.98507734	15.44017879	14.04793293	14.55948045	16.60715528	17.87049812	25.85387689	17.7116125	12.62239741	11.97340282	20.09583015	8.817603405	12.95750827	19.12533759	11.9623506	9.360028856	22.9233347	9.340051761	11.28536672	17.73323539
56092.46812	20.49683689	27.12028403	31.14230074	14.64691613	15.52173492	15.03296391	14.00408225	14.30100186	15.59681705	17.83293715	26.2512068	17.38869794	12.06408111	11.1086253	17.331103	8.496342576	12.93729247	17.55332865	11.55290012	8.763858649	20.98195029	9.111250788	10.9937954	16.24810846
56992.46812	19.64246173	25.69043173	30.66613964	14.24956826	15.13821754	14.63934379	13.95408533	14.01316065	14.70972832	17.77970919	26.69609535	17.15309008	11.69315842	10.38142413	15.13997394	8.243980062	12.75676422	16.21978478	11.08741993	8.304113266	19.11657427	8.915223583	10.83726651	15.05405197
57892.46812	18.82031369	24.95339571	30.17870729	13.99182807	14.78826879	14.24350121	13.98545527	13.78535749	14.00934065	17.76892374	27.13763618	16.9106748	11.24058466	9.811713326	13.68591414	8.05438764	12.63262458	15.21847627	10.75965429	7.8735856	17.49975444	8.782036169	10.7456346	14.21444922
58792.46812	18.16787327	23.95553465	29.62333382	13.67850838	14.40318725	13.88016399	13.94595273	13.57878033	13.50348748	17.81711778	27.61630684	16.77073867	10.85919876	9.194140707	12.58858736	7.872342913	12.52390835	14.45018976	10.41602818	7.5000229	15.97490246	8.64584217	10.7643567	13.57432546
59692.46812	17.42226013	23.0512667	28.89029371	13.35917588	14.08651789	13.55839106	13.93600952	13.33679642	13.08807604	17.84549415	28.1105173	16.6098864	10.55210902	8.632058196	11.68025969	7.741254775	12.4556298	13.71947572	10.14351049	7.158783628	14.60210488	8.537446711	10.80267413	13.0115919
60592.46812	16.63904406	22.22662313	28.22001025	13.06759515	13.80663106	13.26589249	13.92125528	13.16263897	12.71788643	17.9161154	28.5120815	16.49744281	10.28911828	8.04190086	10.99968383	7.669074304	12.29636004	13.02153638	9.863055613	6.908394555	13.68345842	8.428141088	10.80617203	12.50887791
61492.46812	16.06933614	21.44517572	27.72032535	12.83601482	13.47432869	12.96285348	13.92074642	13.0733564	12.40088931	17.96619906	28.9302834	16.44260185	10.04774927	7.600605787	10.36491662	7.525126751	12.13468043	12.42030552	9.612527113	6.608085662	12.97892401	8.389708352	10.83262568	12.01718242
62392.46812	15.57282901	20.43140676	27.12541714	12.58518001	13.17568586	12.67115631	13.95470967	13.01270815	12.02813734	18.06621386	29.34346445	16.37097851	9.77851113	7.097187834	9.832115913	7.456927712	11.97320838	11.9188975	9.393212139	6.435007306	12.52089934	8.305113868	10.90465854	11.62432322
63292.46812	15.11394651	19.34552846	26.59903479	12.35606719	12.92704243	12.41308323	13.98218555	13.00366413	11.70253606	18.1779396	29.57827405	16.35298861	9.531989961	6.666735569	9.432194455	7.448227369	11.76724803	11.43276882	9.188231858	6.288727244	12.18399157	8.248166057	10.93250626	11.33359988
64192.46812	14.70913411	18.65812873	26.02881967	12.18462284	12.66507374	12.18542119	14.01981731	13.01030392	11.4454002	18.26073564	29.81620767	16.32764407	9.356569749	6.33983528	9.052202227	7.393857435	11.51934536	10.9365573	9.010775372	6.127500363	11.7327463	8.193381214	10.91974751	11.07509969
65092.46812	14.34482984	17.79418326	25.49616422	11.98903542	12.41824492	11.93450377	14.01476333	13.00633657	11.11485221	18.39256608	30.02501082	16.33639692	9.1949863	5.969651059	8.706897407	7.326512385	11.37180782	10.44886049	8.909473747	5.963537513	11.32444738	8.139347278	10.87146054	10.78844338
65992.46812	13.9880932	16.63883255	24.8233945	11.76872744	12.18512018	11.71469415	14.04782925	13.03494319	10.81757474	18.54469024	30.18063341	16.31293409	9.055818999	5.703659525	8.386704657	7.247720308	11.10338118	10.0562898	8.765576245	5.833264403	10.89361862	8.121636735	10.82090505	10.53483998
66892.46812	13.69465304	15.74789347	24.223669	11.60309806	11.94749592	11.46581821	14.10712326	13.09244001	10.56921181	18.68956282	30.26323931	16.39342478	8.878739949	5.44035064	8.117479968	7.211489327	10.92088012	9.61094838	8.616077757	5.686861196	10.41870851	8.111063615	10.75043729	10.33014834
67792.46812	13.33921486	14.8567898	23.76552028	11.44728162	11.71325758	11.32344267	14.07974743	13.21159893	10.44790932	18.95324834	30.28931561	16.41328267	8.720162379	5.223586738	7.871281145	7.165756436	10.74383682	9.184221637	8.481852156	5.594648565	9.993648777	8.030623717	10.79061496	10.10862111
68692.46812	13.10647906	14.29112148	23.42319145	11.27170426	11.53637984	11.14725291	14.2137564	13.36588618	10.42826579	19.18947237	30.29759824	16.5018771	8.604100445	5.029724245	7.693750044	7.134439987	10.56735413	8.86536391	8.383718927	5.525745512	9.605555989	7.933886561	10.55803069	9.949685901
69592.46812	12.85126264	13.84991289	22.69816326	11.14921391	11.34847813	10.96555458	14.23099499	13.55810073	10.40410051	19.45734466	30.29605362	16.63497915	8.498503806	4.868524275	7.520435809	7.157257063	10.42072909	8.515151655	8.320497348	5.409428927	9.380930998	7.873183531	10.44789736	9.76297043
70492.46812	12.54904529	13.21417006	22.07204	10.99430045	11.14232415	10.82187311	14.28530117	13.77647836	10.35186527	19.71743598	30.17891292	16.73492605	8.335375522	4.722329297	7.36115542	7.091101609	10.31371379	8.241290295	8.215783453	5.311906558	9.055201497	7.894545895	10.38503062	9.605326364
71392.46812	12.25224594	12.81007729	21.34689577	10.88555787	10.96876094	10.64862701	14.30940897	14.05915708	10.28440869	20.01251675	30.08411156	16.9102828	8.187537406	4.555811621	7.233742279	7.024683366	10.1585937	7.94360149	8.17638463	5.299533125	8.905816485	7.848825208	10.27514824	9.47807752
72292.46812	12.0705219	12.52659469	20.46891963	10.76828209	10.80090628	10.51585722	14.37942547	14.34180591	10.3337467	20.39204012	29.94522117	17.0600336	8.116495339	4.469648562	7.111645941	6.985131091	9.987969625	7.635560687	8.142006885	5.196775244	8.732204944	7.691181968	10.20924003	9.401524439
73192.46812	11.80161761	12.22538115	19.45893007	10.58626982	10.59214556	10.41692233	14.40934838	14.70059948	10.34784794	20.7879243	29.75739821	17.22693129	8.012065499	4.354694192	7.041807637	6.935901651	9.82323731	7.352122374	8.051909706	5.189655535	8.598648046	7.648543043	10.11581316	9.278357971
74092.46812	11.51577277	12.01723575	18.57108174	10.5087305	10.44715618	10.26799715	14.48267452	14.98174724	10.36891405	21.24258134	29.56429653	17.29796013	7.921642085	4.234402339	6.978322418	6.951618853	9.733970775	7.047467126	7.975750148	5.146688768	8.472995394	7.618568879	10.03743368	9.195494712
74992.46812	11.30855423	11.77651659	17.5324242	10.40560882	10.25651701	10.13767025	14.56105455	15.3604794	10.43581554	21.70860957	29.35679897	17.34941961	7.833854647	4.151430022	6.895344399	6.932437816	9.693898323	6.82229239	7.952116126	5.111046509	8.395308427	7.519054502	9.931286591	9.042818343
75892.46812	11.00526879	11.61373871	16.5921081	10.32070779	10.09819822	10.00606334	14.67556074	15.82680352	10.47142496	22.23645095	29.09726563	17.24367882	7.747876039	4.089070851	6.851847102	6.909857373	9.57310131	6.646787104	7.898955189	5.102416327	8.342307676	7.652376454	9.901947984	8.924129484
76792.46812	10.77639216	11.43717397	15.71226537	10.19724394	9.905044622	9.911348721	14.76180285	16.26231753	10.54234377	22.77587835	28.83294384	17.29105315	7.683396153	4.048920595	6.786441708	6.889824696	9.454252151	6.475297263	7.834533566	5.083858407	8.159891666	7.572567186	9.942218216	8.822842899
77692.46812	10.54776737	11.23283487	15.00618326	10.13467836	9.781327873	9.760341779	14.86077111	16.75142776	10.61806185	23.2950174	28.45348612	17.24883209	7.58915114	4.036253903	6.725640895	6.850078608	9.347877013	6.260461921	7.78410725	5.07400974	8.057243033	7.522680807	9.746236479	8.680035188
78592.46812	10.35319716	11.03618134	14.23926107	10.08407204	9.634250618	9.675887854	14.94991845	17.30150815	10.67469949	23.87050385	28.13139589	17.24058104	7.55572812	3.990987432	6.675512608	6.871646385	9.232661146	6.090225651	7.681938723	5.053417428	7.899842591	7.401923667	9.54813559	8.493761884
79492.46812	10.16049564	10.8461549	13.51530473	10.02432248	9.448144952	9.528601825	15.03424596	17.8760523	10.74331948	24.39096087	27.75193679	17.1761983	7.489674565	3.922680582	6.673498435	6.870711915	9.183880206	5.930275736	7.619135935	5.059515263	7.796203496	7.423909269	9.444296308	8.363250422
80392.46812	9.972974136	10.60844341	13.44137905	9.947917972	9.309087312	9.426895851	15.14793225	18.49663337	10.81193526	24.90324321	27.3775129	17.05882137	7.413350146	3.901467658	6.620227832	6.883968395	9.072489047	5.72195184	7.55740608	5.055529534	7.708473918	7.432970747	9.348540977	8.182090146
81292.46812	9.810989288	10.44302218	13.17314718	9.912178551	9.121445699	9.313755259	15.19510667	19.16389598	10.91527853	25.22503049	26.83913178	16.98048482	7.387393065	3.869194378	6.540039792	6.87337867	8.914152626	5.595782095	7.488605542	5.057582581	7.67953811	7.363830831	9.27066703	8.040582169
82192.46812	9.649750792	10.23989052	12.74513658	9.859684792	8.934463436	9.209547205	15.32148037	19.90317968	10.93195724	25.57916928	26.36877668	16.9739304	7.286235861	3.905510833	6.510371092	6.870376717	8.734261059	5.400022689	7.449306569	5.065635141	7.557268213	7.186741625	9.25833035	7.890603825
83092.46812	9.495169624	10.069775	12.54651848	9.811021713	8.772686329	9.086206095	15.47105143	20.5695411	10.98745063	25.65608023	25.78789148	16.74391393	7.286899346	3.856971385	6.441879714	6.794313763	8.637521364	5.247913033	7.385903216	5.0491282	7.485973036	7.098711602	8.997770114	7.77871971
83992.46812	9.339860178	9.905015361	12.38815318	9.740073567	8.589643203	9.017047975	15.60396231	21.282265	11.03957985	25.58487815	25.28888138	16.71495034	7.281788743	3.863006472	6.410043578	6.767431917	8.509357035	5.097762493	7.321599776	5.063143947	7.380720446	7.060988662	8.902970277	7.650519382
84892.46812	9.191076984	9.739512669	12.20443495	9.700108527	8.456605027	8.8990772	15.74411499	21.9409212	11.05897473	25.5201925	24.75126651	16.5994764	7.223018226	3.865135932	6.378997596	6.6736524	8.41101769	4.940215036	7.284798984	5.101737524	7.300058627	7.09126657	8.922931623	7.484059533
85792.46812	9.02497497	9.605087534	11.98891914	9.6583305	8.285901386	8.794209994	15.89372182	22.43368804	11.05424702	25.21848282	24.16222164	16.38904425	7.18984303	3.864383416	6.29764488	6.649841115	8.29649298	4.824805195	7.22925362	5.125437869	7.208532029	6.945587729	8.679425849	7.346750325
86692.46812	8.895046224	9.40305936	11.75531206	9.602201086	8.112118854	8.679271559	16.03729636	22.93273307	11.09635239	24.91322403	23.61822793	16.28574565	7.140278791	3.857507716	6.241489779	6.586813286	8.166140944	4.69068166	7.176818013	5.118836576	7.110766929	6.781120162	8.50374283	7.322449416
87592.46812	8.782129014	9.275684164	11.44415961	9.501161136	7.955322584	8.5745867	16.17748468	23.38680939	11.05095991	24.49693023	23.02531719	16.06889126	7.141154285	3.816950474	6.204149417	6.495726854	8.03528304	4.540371192	7.147177168	5.210680005	6.982421132	6.792975043	8.399860499	7.176803373
88492.46812	8.588629622	9.056480878	11.23527284	9.429215881	7.796849325	8.477668264	16.26945937	23.63922829	10.98815128	23.69174288	22.40647186	15.96450762	7.127393651	3.800365505	6.10015776	6.418815975	7.887769597	4.437547826	7.080790407	5.19476786	6.869416621	6.903584577	8.291999847	7.023185952
89392.46812	8.444675751	8.874798169	10.96415973	9.326287461	7.608889421	8.325478708	16.30643014	23.66836254	10.87978766	22.74715436	21.78230966	15.80728624	7.046428591	3.747620426	6.008514739	6.307227921	7.775115109	4.259475757	7.053208677	5.209633803	6.798704417	6.698229896	8.232426574	6.884106566
90292.46812	8.306407043	8.709375139	10.75362564	9.185951416	7.450091058	8.229915782	16.3450343	23.5957854	10.76555077	21.33915589	21.11402561	15.55502714	6.998042312	3.686323228	5.890481856	6.188764104	7.626481253	4.138403316	6.961169209	5.198320765	6.652773993	6.595412029	8.018068755	6.772058925
91192.46812	8.198389192	8.524769626	10.50472488	9.094347053	7.256107837	8.136506299	16.46202622	23.4635792	10.64512768	20.21844581	20.45021851	15.4903188	6.985331642	3.603927476	5.842512463	6.074929691	7.488455387	4.035939001	6.878738894	5.190442309	6.52098723	6.490349157	7.952677258	6.667581222
92092.46812	8.090097765	8.363588645	10.25646484	8.93141816	7.094668125	8.03401306	16.49791431	23.25439322	10.52238751	18.99660356	19.77490625	15.32468015	6.935732527	3.557164545	5.727428031	5.958591786	7.393370263	3.924968322	6.856491627	5.105107853	6.412096749	6.34121046	7.834372664	6.689260535
92992.46812	7.918207506	8.231438976	10.05028225	8.876838446	6.927404172	7.913589054	16.61062376	23.02534907	10.36907876	18.01086918	19.12116368	14.8406911	6.927307222	3.497005425	5.645585915	5.848071363	7.269230885	3.82433093	6.766390854	5.043468428	6.349573745	6.244063973	7.710845267	6.529819077
93892.46812	7.775433948	8.078962353	9.872592912	8.802654243	6.812536775	7.798341413	16.73189811	22.87688774	10.30045203	17.52025176	18.44204797	14.54776837	6.9016591	3.481554636	5.606167452	5.802336153	7.13170608	3.744538755	6.713625345	4.971258547	6.326423358	6.220317284	7.625040769	6.371183129
94792.46812	7.714300907	7.940208021	9.705171451	8.749862079	6.648572345	7.71621639	16.81781313	22.67884558	10.23920793	17.25253493	17.83851037	14.33637512	6.820238564	3.464118978	5.542051406	5.668857618	7.030717786	3.638381092	6.669649406	4.940642119	6.229635906	6.038817187	7.515669662	6.319947742
95692.46812	7.615766539	7.802225778	9.556564974	8.76371967	6.56169436	7.667099317	16.89983862	22.57040142	10.17617356	17.05824289	17.31926629	14.21697012	6.823767534	3.398051594	5.494556488	5.676608182	6.93262851	3.579211803	6.665162451	4.897352478	6.207923428	5.939153071	7.475972986	6.208816609
96592.46812	7.55290657	7.673731296	9.439383754	8.742159749	6.417711633	7.594552378	16.94451812	22.5047194	10.13193785	16.79066488	16.71238241	14.07179352	6.796172942	3.366503866	5.448914972	5.619669092	6.89680134	3.510523667	6.578005511	4.858160114	6.154820685	5.885248883	7.443404361	6.193826355
97492.46812	7.438181875	7.503996602	9.249381631	8.700043848	6.331777493	7.529893367	16.99716481	22.38672975	10.05613268	16.59035386	16.141337	13.71069102	6.788110437	3.368172686	5.426637252	5.604091407	6.757851567	3.411555464	6.523713148	4.848448607	6.071946103	5.852152706	7.478611865	6.112718653
98392.46812	7.355713144	7.402824303	9.145261498	8.653391121	6.205553466	7.450583916	17.0867496	22.37233897	10.02854677	16.27362367	15.54789857	13.55542364	6.77831908	3.350659591	5.379957504	5.590711398	6.660304653	3.369075898	6.455010038	4.82260273	5.999218237	5.904954694	7.410132979	6.076223903
99292.46812	7.288939605	7.28491463	9.039476387	8.694781705	6.131514431	7.405705613	17.08012816	22.37533271	9.991646984	16.01978765	14.9676325	13.20355658	6.727960276	3.361879219	5.365783288	5.561466626	6.614497702	3.282098539	6.427001568	4.793300014	5.945253004	5.795132786	7.379511162	5.950386911
100192.4681	7.263126637	7.167628871	8.877733684	8.713275175	5.995436476	7.380478308	17.05219789	22.28324426	9.920667568	15.78491246	14.38580994	13.10357953	6.690502343	3.326777139	5.327511692	5.512790899	6.528551043	3.277514862	6.394075307	4.816347011	5.860348687	5.781597564	7.267019525	5.871121414
101092.4681	7.206865385	7.10173329	8.744018096	8.65415067	5.934889756	7.304783503	16.99439342	22.28803985	9.865132849	15.53331627	13.82632237	12.96232583	6.705483331	3.368493398	5.370786024	5.466537602	6.442583196	3.252937017	6.325946118	4.795888756	5.847734995	5.70466828	7.255018708	5.831608512
101992.4681	7.120412905	6.97103434	8.61740372	8.668215374	5.881505429	7.304154022	16.91846324	22.12435522	9.839867402	15.25160894	13.2469569	12.81497956	6.733387072	3.360478667	5.299217845	5.419017666	6.411488521	3.193126214	6.267327328	4.782176507	5.723604856	5.645599549	7.177069053	5.825975587
102892.4681	7.046244417	6.898315486	8.509044231	8.648366583	5.807459602	7.247178942	16.72754742	21.9474372	9.736528393	14.94246084	12.66076354	12.70336554	6.733153945	3.325811153	5.308659507	5.434588587	6.366269732	3.151341612	6.203925885	4.811991818	5.676757171	5.558945197	7.134366114	5.739918772
103792.4681	6.985633959	6.725701094	8.381995718	8.58982008	5.693356713	7.20322808	16.64774152	21.71399535	9.656844921	14.71415352	12.09153597	12.58625132	6.690974808	3.286844909	5.294054594	5.361336026	6.25797721	3.107137484	6.182157891	4.840259404	5.627106858	5.538126772	7.093960371	5.622565621
104692.4681	6.922611554	6.633404041	8.243223598	8.539937567	5.593360062	7.166179798	16.49840253	21.44477114	9.602068971	14.43677726	11.54819871	12.44315091	6.660448869	3.278221762	5.25738184	5.316049458	6.266401557	3.099830884	6.118840449	4.812606218	5.603180007	5.501470594	7.024838369	5.50340431
105592.4681	6.850927501	6.47328048	8.136946607	8.51759377	5.567219118	7.133067481	16.3432047	21.15657939	9.527158903	14.2479351	11.0127026	12.32433827	6.608269325	3.2750425	5.260374336	5.266050291	6.234199411	3.067573557	6.034315174	4.85786697	5.567672932	5.453430481	7.00774075	5.446464342
106492.4681	6.741278026	6.342473932	7.966396789	8.459132586	5.486727372	7.101084412	16.09405011	20.74703803	9.418417304	14.00019564	10.43526526	12.13653903	6.568385465	3.216648343	5.224506629	5.188014007	6.075687951	3.009876843	5.986747021	4.792984268	5.500150941	5.450168377	6.877739728	5.413535117
107392.4681	6.746643497	6.236376964	7.879656664	8.445870997	5.425915787	7.121040625	15.93964972	20.30997923	9.379779704	13.78325179	9.895755166	12.04619435	6.576041315	3.181144824	5.22642384	5.224586091	6.002713471	3.013448241	5.97610432	4.757621207	5.496796388	5.440075992	6.914647034	5.346720283
