Time	E7	E6	E5	E4	E3	E2	D7	D6	D5	D4	D3	D2	C7	C6	C5	C4	C3	C2	B7	B6	B5	B4	B3	B2
2965.793911	9.800144264	-2.96924548	-2.488379378	0.907057387	-9.476164291	-1.877169418	10.68348011	-0.872807959	-6.247510164	-11.14164773	-4.382422867	-2.988412126	-2.162512114	3.919985149	-5.624462688	13.12604621	5.596246678	3.111020571	-0.528911112	3.765223152	-3.544050113	12.62642994	0.172435416	-0.12079571
3865.793911	7.852161291	-2.713805924	-2.310050492	0.708875216	-7.982456129	-1.396536082	8.589582213	-0.861705627	-6.690687378	-9.393494943	-3.663449842	-2.351898702	-1.647129064	3.389719865	-4.607411346	11.29499977	4.627467013	2.648754006	-0.131447969	3.531563416	-2.760040516	11.05998806	0.171721724	-0.179698672
4765.793911	6.175116282	-2.384893086	-2.025430712	0.776490001	-6.848483996	-0.8596168	6.935584998	-0.696097732	-6.659958284	-8.069470299	-2.993718797	-1.945431386	-1.185877959	3.083253098	-3.565650058	10.17113812	4.112100315	2.292274639	0.244260459	3.374878967	-2.088640119	10.08196369	0.271877375	-0.197796466
5665.793911	4.749040043	-2.107044301	-1.76019636	0.816178943	-6.038890268	-0.464517129	5.551242779	-0.571260507	-6.444113936	-7.096225986	-2.597515979	-1.58673523	-0.857504163	2.821935713	-2.835448121	9.30988672	3.731707247	2.16795158	0.492423221	3.237218934	-1.432123012	9.252250243	0.39218974	-0.109481177
6565.793911	3.886954053	-1.94810758	-1.543297135	0.820887439	-5.347251519	-0.144515558	4.623222198	-0.449957149	-6.180569772	-6.405958393	-2.36613527	-1.266852695	-0.687222428	2.583234339	-2.262471298	8.543894168	3.341432407	2.197601641	0.680480266	3.12252732	-0.848101106	8.60872957	0.315728783	0.175489385
7465.793911	3.29071208	-1.742565383	-1.359799207	0.818032271	-4.813028531	0.12486385	4.112208732	-0.374208748	-5.772005939	-5.805131299	-1.955940742	-0.885748888	-0.521227713	2.408260077	-1.750203093	7.936492733	3.363003748	2.390995627	0.790578707	3.059808461	0.00568403	8.038378163	0.634706407	0.759400713
8365.793911	2.909112975	-1.499896751	-1.113410511	0.80967818	-4.345787329	0.45810252	3.699910668	-0.237902851	-5.247467575	-5.374440084	-1.646039368	-0.343650119	-0.411477498	2.228200346	-1.22905209	7.447794571	3.03514655	2.879039619	0.88575952	3.03194764	1.126312038	7.643184103	0.619962646	1.702935556
9265.793911	2.588367044	-1.312657701	-0.774980072	0.853271458	-3.937550553	0.793457754	3.443637155	-0.059624413	-4.502082555	-4.967397362	-1.411476458	0.336933023	-0.265131297	2.191477777	-0.574956578	7.002496269	2.886600432	3.6810811	0.913316995	3.163007546	2.949409641	7.274840977	0.689944337	3.143022503
10165.79391	2.36588933	-1.181025117	-0.330015732	0.903840965	-3.575922606	1.31987844	3.207983572	0.085231519	-3.458611768	-4.536815879	-1.088129497	1.311063796	-0.193755821	2.143423586	0.427861888	6.745711932	2.860608345	4.646785907	1.062374812	3.331054017	5.002380259	7.010720078	0.882086884	5.127039199
11065.79391	2.156772478	-0.988010459	0.266554509	0.947349485	-3.25400536	1.955473804	3.025233557	0.354178634	-2.010571515	-4.164829866	-0.684690485	2.670263295	-0.120046617	2.231740691	1.819416414	6.54622962	2.839941638	5.522590804	1.120993743	3.635251632	6.871571715	6.831188194	1.207298134	6.637703764
11965.79391	2.061449592	-0.803132748	1.105953262	0.971334731	-2.89182719	2.899210151	2.930092287	0.630349917	-0.53698172	-3.782822895	-0.141445633	4.242956175	-0.045233878	2.348005183	3.428874075	6.370612293	3.013142678	6.555679682	1.222078196	4.069561718	7.435221556	6.662330041	1.617972879	7.909789161
12865.79391	1.927823886	-0.562390164	2.326757021	1.055796318	-2.506704763	4.260250224	2.803590105	1.050996342	0.988755179	-3.43185202	0.50413055	5.981065826	0.018474238	2.553585637	5.412522786	6.240926404	3.265245107	7.801177506	1.371008694	4.911318505	9.070158134	6.524242267	2.361324	9.624615563
13765.79391	1.850684763	-0.338751278	3.565569666	1.160541556	-2.072011823	5.839053261	2.790947383	1.648741728	2.306693337	-3.065302579	1.290594975	7.469602037	0.142104539	2.886443622	7.696233683	6.174724474	3.724865571	8.946683023	1.590398749	6.115141954	11.42025964	6.491953874	3.276600591	12.06138099
14665.79391	1.809492003	-0.019644123	4.972091754	1.279644526	-1.688326414	6.833803262	2.731376478	2.576455954	3.573470664	-2.66356858	2.408264507	9.163030066	0.204256542	3.388766976	8.846920993	6.141316039	4.386931658	10.41197302	1.825913983	7.786605527	14.11195716	6.573421458	4.581808784	15.31686741
15565.79391	1.747826743	0.35800335	5.892736652	1.345188366	-1.126671096	7.971078951	2.786610717	4.061831029	5.162799164	-2.191599452	3.889324993	11.19708634	0.32603654	4.162245424	10.82974779	6.250159887	5.553048287	12.55911671	2.248208625	9.628952391	17.46467084	6.757436954	6.174022025	19.42562616
16465.79391	1.740627406	0.898218669	6.602837811	1.430659577	-0.503647479	9.102851339	2.885383497	6.278709824	7.23965387	-1.650994207	5.623394075	13.75478231	0.489850189	5.239093364	13.49987551	6.439371053	6.95300546	14.90817964	2.724036605	9.924272016	20.79596594	7.140002882	7.852135332	24.47946435
17365.79391	1.783728188	1.616418704	7.986015367	1.644572852	0.369571094	10.52457562	3.102711926	8.547731072	10.07079407	-0.861587028	7.119801242	16.77198118	0.699413952	6.508567453	16.23915478	6.743271581	8.338991345	17.88195544	3.630973755	11.28075055	24.98533016	7.754033644	9.19635138	28.61571903
18265.79391	1.801004711	2.651490108	9.892176425	1.779686152	1.621782389	12.32672455	3.399032758	9.984220947	12.24436716	0.103356373	8.617318992	20.23230579	0.968357229	8.099876014	18.88647755	7.244190703	10.15939628	21.17723317	5.12098506	13.39609469	28.65216744	8.695712368	10.77106984	32.88992082
19165.79391	1.943708986	4.073596017	12.17296158	2.101266474	3.234723804	14.41427866	3.857997708	11.45608739	14.87773399	1.451149404	10.24902784	23.72524353	1.356860935	9.6434558	22.30934874	7.985693785	12.11530957	24.6167612	7.153812816	16.26366002	32.342464	10.2781383	13.11652733	36.87005403
20065.79391	2.172117109	5.952519957	14.89642659	2.479839183	5.328740106	17.13039133	4.602702777	13.30336759	17.56320478	3.396133221	12.59504703	27.28898609	1.932200694	10.91871675	24.96046339	9.145926299	14.62842932	28.04517187	9.096729762	19.68109518	35.95008431	12.27610308	16.26325284	40.25123646
20965.79391	2.494399927	7.228110179	18.40854226	2.926434693	7.010804469	19.9160139	5.811451607	15.31530688	20.40138882	5.46504148	15.69513223	30.89736797	2.815772373	12.88315558	27.5369752	10.29404166	17.25300445	32.38148623	10.47747339	23.53239684	38.55476543	14.23355782	20.17341228	43.55560907
21865.79391	2.944873008	8.083992965	21.88343487	3.427039908	8.457541476	22.56648849	7.162725616	17.30566781	23.57878397	7.595134756	19.07320733	34.4983378	4.169890502	15.51661526	30.05760816	11.58730191	20.11873619	36.69210551	11.98137412	27.43727832	40.62858388	16.18055468	23.86242779	44.68569472
22765.79391	3.621044189	9.504987065	26.30381505	4.136022222	10.31762785	25.30017621	8.66344601	19.29334984	26.03953991	10.05639532	22.90993717	37.95203547	5.808103435	17.74932726	32.46980556	13.15297914	23.88989778	40.57954274	14.25368316	31.4695766	42.40920218	18.21713249	27.80832713	45.00598576
23665.79391	4.665993057	11.37045958	30.82216269	5.066707569	12.53592828	28.08209213	10.63887401	21.37003152	28.45373872	12.72908351	26.40623422	41.11280444	7.300670554	20.94188886	34.44310508	14.88233348	28.23992607	43.13870953	16.97575416	35.03922231	42.97517485	20.68747715	32.00916359	44.71593493
24565.79391	6.194183677	13.91929711	35.14351021	6.252816577	15.2265492	31.20634335	12.45632041	22.9866242	30.13770252	15.70999261	30.71012291	43.42821155	9.052269663	24.15396371	35.78030936	16.74944995	33.11649474	44.26025115	20.00267585	39.30272399	43.38322229	23.65074845	37.14793566	43.92961824
25465.79391	7.840599164	16.69092931	39.39396878	7.693742174	18.17793245	34.28627262	13.92364905	24.81908391	31.80606963	18.78489676	35.37659083	44.40978046	10.92657838	26.3864785	37.24075174	18.82734462	38.95178147	45.10132318	22.90785299	42.10644797	42.91872177	27.18967817	42.66077648	43.9870355
26365.79391	8.992016025	19.43201473	42.70155895	9.084120942	20.7574009	37.43206829	15.58083019	26.50835252	33.59515924	21.89779465	40.00783507	45.30143862	12.93691767	29.90972862	38.07096139	21.17739026	44.68465409	44.9836499	25.93826365	44.7632808	42.75799479	30.84080506	45.72590395	43.72472744
27265.79391	10.56865103	22.78711864	44.93682483	10.56092072	23.70982018	40.12343368	17.14885819	28.35122592	35.322345	25.12003173	44.23058744	45.22806398	14.97288673	32.80025557	38.8464115	23.7576571	49.95118622	44.06453283	28.80682558	46.14046064	42.61939449	34.60638053	47.93539555	43.47833181
28165.79391	12.39713746	26.86572727	45.65800728	12.15481781	26.69562801	41.38320824	18.61694785	29.79269524	36.89877754	28.30584915	48.12508142	45.27183382	16.84646068	36.12172094	39.30329895	26.49939266	53.68806589	42.81633273	32.03189615	46.98899365	42.70100418	38.2540599	50.42574237	42.72771413
29065.79391	14.34159655	31.39168765	45.81825954	13.88994408	29.49960425	41.72191881	19.93310582	31.01964553	38.56224588	31.24980408	49.76859928	44.91113712	18.61585839	38.69966285	39.65084355	29.17610391	54.82756968	43.09525788	34.66743566	47.16737151	42.7761769	41.62542511	51.81433308	41.91291342
29965.79391	16.81061483	35.94318057	45.52228858	15.69162061	32.26327257	42.00724091	21.20234624	32.06291653	38.90274219	33.97643061	50.62533501	44.26222982	20.34764392	41.36625779	39.27738629	31.36738971	52.28413151	42.9215534	37.23737145	46.34088312	43.08418768	44.48860603	51.94224816	41.27582654
30865.79391	19.50419663	40.14533235	45.45219902	17.61134782	34.66794978	42.30653466	22.49887379	33.08437423	39.50155831	36.54136228	51.17256634	43.79447373	22.05906692	43.85795914	39.35525433	33.512744	50.34190205	42.65346835	39.56597047	46.12279276	43.01454257	46.75327552	50.90167701	40.68123455
31765.79391	22.32837273	43.39767974	44.58786508	19.50478426	37.20326605	42.70872718	23.69793576	33.78753302	39.80467338	38.88526642	51.69749504	43.79416641	23.82839403	46.21826983	39.16012269	35.58511594	48.8494683	42.88860552	41.53347392	45.25346277	42.90839801	48.62361605	49.84311117	39.82539022
32665.79391	25.3856545	45.83691329	43.83541652	21.55156172	39.33655992	42.46810388	24.83551807	35.38295739	40.19266105	41.21144996	52.10169494	43.41449823	25.50446947	46.67359154	38.90817808	37.6554539	47.73750114	41.24107658	42.80052125	45.31482599	41.94028272	49.56619502	48.59920327	38.55808628
33565.79391	28.4436346	46.76737846	43.37144316	23.57175473	40.26908165	42.55287264	26.00901051	36.66212358	39.5925544	42.56625312	53.64988276	43.40981767	27.28741758	47.57982679	39.30741642	39.90085697	47.20060642	41.00983915	42.32251311	44.97163446	41.23369089	49.72005511	47.2168532	36.96078986
34465.79391	31.25350219	46.46236121	41.956239	25.54407987	40.88222834	42.35337982	27.17139062	37.61807296	37.59745871	42.92855806	56.43459112	43.41898785	28.96756619	46.36277192	39.03155069	41.62959451	47.18419294	39.25864843	43.06376816	44.88033187	40.08779626	49.39559686	47.19466234	35.39118924
35365.79391	33.95255072	45.41791241	40.73305994	27.55604679	41.16829731	42.47963262	28.3791901	38.01209609	36.92994558	43.42108712	59.43491637	42.99754519	30.76810091	45.4221669	38.87372374	43.0815295	46.38468517	37.38581212	43.34837668	44.9778203	38.82460002	48.97806731	46.74108162	33.4200117
36265.79391	36.40971077	44.45952898	39.62941935	29.70133682	41.25656283	43.23391046	29.54982697	38.26471442	35.93512265	43.84790861	63.82177432	42.8943257	32.61249163	43.14869432	38.48551063	44.25962455	46.28289388	35.09607661	43.16952323	44.25203658	37.46022002	48.81504404	45.88434975	30.99128252
37165.79391	38.56601434	43.53945138	38.60765888	31.80365183	41.61295701	43.38944702	30.88073838	38.33767048	35.33410029	43.97226122	68.57019045	42.59631951	34.30765873	42.57493009	38.20038536	44.80352786	45.64023336	31.40520214	42.86452311	43.16278431	35.75857049	48.62109364	45.04840413	28.88580736
38065.79391	40.1010716	42.77722523	37.33373358	33.7533928	41.93816138	43.84984249	32.09026853	38.54949067	34.63726013	43.97975025	74.68853041	42.53385631	35.58792029	41.72715321	37.37432882	45.39747716	44.72188559	27.81179902	43.04924499	41.97256411	33.30092247	47.28909784	44.01189765	26.58171466
38965.79391	41.28274843	41.903141	35.8310199	35.44570696	42.38443558	44.62312547	32.72422872	38.41930618	33.65976026	44.21262478	81.55521687	42.55290161	36.42228647	41.10465027	36.35573651	46.01531883	44.04062889	24.38118167	42.75144492	39.98546766	31.22942323	46.57530044	42.24207087	24.55446924
39865.79391	41.76313924	40.98200899	34.80685768	37.37660095	42.56502939	45.04786482	33.15801655	37.74049111	32.5748923	43.91470133	87.99036919	42.64689562	37.46322739	40.63239448	35.21058499	46.03413263	42.51652795	21.30005883	42.38840081	37.77241461	29.08552768	45.3302029	40.26710987	22.6471426
40765.79391	41.84131656	39.67781451	33.51508086	38.5299399	42.93757777	44.9038504	33.71334901	36.98003337	31.07507673	44.01734619	93.11455974	42.56837462	38.13936015	39.7319046	33.6949417	45.25864977	40.94593243	19.00207016	42.04092349	35.7782957	27.34596913	43.82254548	37.05271714	20.9232015
41665.79391	41.92349402	38.17690781	31.83236992	39.48539632	43.63704453	45.29955867	34.43448527	35.69180743	29.42261804	43.9981085	97.77631981	42.65970745	38.92998194	38.70589814	31.97397217	45.51965606	38.88946476	17.25841772	42.10798508	33.23461504	25.41347338	43.67309006	34.57230853	19.31709226
42565.79391	41.01998966	36.95565976	30.38827398	39.80041248	44.06511133	44.75961866	34.62245946	35.10195674	27.75204962	44.24440214	100.9301299	42.78716959	39.31616776	37.736607	30.09756678	44.91062557	36.58554712	16.06842045	41.87748486	30.09510678	23.99088777	42.72529635	32.24293815	17.60337843
43465.79391	40.61649107	36.01737515	28.58317332	40.06436408	44.17385411	44.07819254	34.31146846	34.3418873	25.81373282	44.38398052	102.1347408	42.98401593	39.11374513	37.0573126	28.19164712	45.11205865	34.06712389	15.25062331	41.63991389	27.51734783	22.65502826	41.17325307	29.57763877	16.26611984
44365.79391	39.73819489	35.10265808	27.23694198	40.47382532	44.32920544	43.57809968	34.52210551	34.73794032	24.04965076	44.72695922	105.1447252	43.7404684	39.08424661	36.11576784	26.22133244	44.69733048	31.84721736	14.60637649	40.92979287	25.37940978	21.59828479	39.14553073	26.94605023	15.08325558
45265.79391	39.10294251	34.02078058	25.88600499	40.44345212	43.83449748	43.27009332	34.54659858	34.25480506	22.74793865	45.44029662	108.0308424	44.81155168	38.7574855	35.21640774	24.69587743	44.32644439	30.09979272	14.14465851	39.98096539	23.79512553	20.56096863	37.87916907	23.68001675	13.81666763
46165.79391	38.2473471	33.1328807	24.9382929	40.93496453	43.97162895	43.22699176	35.21855008	33.64586791	21.67918274	46.07837494	110.5794729	46.14323823	38.93249274	33.69033105	23.1196459	43.69463183	28.79110083	13.72004413	39.46386824	22.63183517	19.48385124	35.61119898	20.86929023	12.8263866
47065.79391	37.38961382	31.96637079	23.68707575	40.67267748	43.82232192	43.40325807	33.55478012	32.85996523	20.81460404	47.47978483	114.019803	47.80485013	38.57432133	31.95423597	21.51525396	43.38383818	27.99473665	13.52152503	38.36834017	21.48192147	18.68006777	33.18367043	18.91137011	12.28207626
47965.79391	36.36229055	30.89967731	22.70764831	40.17888481	43.07620784	43.78224538	33.1150986	32.10741103	19.94946078	49.45154355	117.0540729	49.3763885	38.72752054	29.42411792	20.02563539	42.48307084	27.64013373	13.3218715	36.65405515	20.13087212	17.91787037	30.51713771	17.89441724	11.85609114
48865.79391	35.33596824	29.6639967	21.58539258	40.29622763	42.38315791	44.59914627	31.71855116	31.12685329	19.30390851	51.86852928	117.4049226	50.60346172	38.33903154	26.85297685	18.59435633	41.08848056	27.22552867	13.14355951	34.60854523	18.87370501	17.19170166	28.43334736	17.18132897	11.61480923
49765.79391	34.10380441	28.26953732	21.08394317	40.64928865	40.86082959	46.06262979	30.47752908	30.01570992	18.65296316	54.44446967	112.9622403	51.63725529	37.96639876	24.60869253	17.49305102	39.36469983	26.50624069	12.94335745	32.93605197	17.86478334	16.42961644	26.26038431	16.64605175	11.39972101
50665.79391	32.80454344	27.25686992	20.56227648	40.93516938	39.18595838	47.75122694	29.82046652	28.89774684	18.17511397	56.82211591	100.3468935	51.8443584	37.07955087	22.86880534	16.60759557	37.06498234	25.35422107	12.64377563	31.32435654	17.05323725	15.79263991	24.36923033	16.0117901	11.31506
51565.79391	31.1032265	25.90745382	20.07004452	40.78007275	36.77570416	49.38650019	29.80791811	27.43019866	17.48050988	58.59492726	83.34388448	52.09132922	36.21413089	21.72162414	15.79411276	33.95914255	23.77488066	12.36326757	29.61770213	16.34655823	15.12215952	22.59394373	15.2958181	11.1319067
52465.79391	29.39497732	24.83318057	19.45699885	40.81420019	34.47032366	50.96480095	29.32247031	26.3945093	16.96112493	60.16157172	65.19024348	51.92132101	35.30658624	20.99380632	15.04295735	30.83489262	22.23061628	12.02513245	28.22711321	15.72094273	14.49562473	20.92405458	14.69712335	10.90639122
53365.79391	27.9574519	24.07988481	18.77394262	40.08879877	31.89329193	51.88221733	28.08160266	25.26399328	16.57129397	61.78263026	45.64954667	50.18915226	34.00099719	20.07998749	14.42027388	27.81753049	20.64375375	11.63094774	26.92513906	15.06313755	14.07787395	19.52909607	14.08784296	10.75844388
54265.79391	26.44563166	23.37767342	18.2443295	39.64673903	29.37275344	52.14942305	27.72740433	24.19247253	16.07144239	63.49271091	22.94696925	45.60211422	32.25446588	19.04639477	13.83086989	25.49838579	19.00680185	11.01347321	25.65943923	14.56314247	13.65436947	18.27801038	13.34644287	10.69092554
55165.79391	25.30319985	22.66171238	17.80210584	38.93128919	27.54004844	51.34772585	26.91376496	23.57116681	15.57922643	65.34156073	12.37160605	39.8690955	30.46759406	18.05510386	13.21294766	23.74632207	17.94729351	10.3852815	24.24858632	14.10300015	13.27949076	17.14037045	12.82042274	10.50102292
56065.79391	23.85081819	21.86101101	17.39644882	37.80385998	26.6407103	46.59670753	25.48164051	22.9806849	15.15361725	68.57055364	10.46411034	34.51227832	29.07216923	17.07605293	12.69901689	22.61555528	17.56416013	9.925730719	22.90940091	13.677916	12.90629833	16.00423871	12.29618769	10.28841925
56965.79391	22.61086467	21.22395457	17.06061965	36.70155853	26.0076893	41.17703209	24.47758668	22.02591906	14.76801781	71.23440956	9.835389408	30.14302432	26.76914385	16.18285271	12.23837396	21.75124277	17.35604005	9.498680331	21.750844	13.352187	12.65258793	15.10762025	11.7650611	10.15984919
57865.79391	21.27603087	20.62908296	16.7365325	35.19524343	25.51007687	35.73437311	23.53748387	21.28132211	14.41101584	73.50989166	9.410810143	26.1349433	24.34262717	15.29680884	11.89930139	21.10912303	17.14686381	9.148375163	20.73419641	13.04610087	12.35379359	14.33416681	11.35656722	10.0519923
58765.79391	20.13142653	20.15484984	16.47223355	33.76435379	25.12537864	31.84125201	22.3932285	20.51728385	14.07499666	75.85378627	9.09129023	22.79203836	21.78558655	14.47314478	11.51313195	20.55165409	16.87662481	8.88480035	19.85025434	12.78998271	12.11279282	13.72835438	10.9519892	9.648264003
59665.79391	18.97379348	19.76013866	16.17132161	32.03172773	24.78471669	27.9715102	21.88829332	19.86187709	13.79981227	77.30515977	8.899922701	20.0766862	19.39553958	13.72430692	11.15202464	20.04794594	16.81812737	8.566506798	19.05562916	12.55181955	11.83726127	13.32775744	10.63168982	9.480289551
60565.79391	17.89301875	19.37119698	15.93013124	29.89905423	24.28646751	24.76808904	20.74029281	19.12492186	13.2979963	74.77526028	8.482669719	18.12810871	17.13209753	13.04810011	10.74727418	19.43275172	16.68441675	8.378093128	18.30810743	12.35480426	11.587992	13.02447785	10.32331065	9.280853894
61465.79391	16.88299945	19.03033862	15.58609141	27.7456018	23.73126559	22.92484314	20.03524781	18.36235191	12.46380033	66.59576315	7.780600271	16.64865351	15.87425736	12.48972634	10.3662462	18.44341241	16.33406204	8.149369619	17.65471913	12.13780278	11.33020913	12.64024208	9.978753038	9.049168936
62365.79391	16.16795364	18.63507648	15.20696866	25.48833722	23.34791558	21.33493016	19.4724513	17.50754052	11.62412188	56.98337346	7.027379378	15.54234023	14.9849523	11.91061087	9.915001462	17.46550843	16.10428921	8.045793928	17.09533142	12.01210914	11.12564681	12.34555168	9.733826172	8.85602453
63265.79391	15.61579844	18.39828612	14.84361581	23.61103117	23.08164828	20.14047175	18.89240238	16.69360964	10.8214864	49.34236583	6.458813713	14.67119201	14.14912118	11.43048951	9.55205187	16.64660089	15.88403968	7.914675484	16.55861847	11.82252515	10.94849326	12.01362084	9.444674343	8.688103629
64165.79391	15.22527321	17.87706066	14.52410856	22.20936629	22.66612942	19.54348215	17.86239083	15.90293349	10.19317523	43.17219748	5.912820169	13.91775014	13.34496281	10.9238875	9.193826723	15.93138626	15.68357213	7.795040263	15.99199573	11.62115492	10.73462045	11.72294303	9.196767564	8.355208553
65065.79391	14.83552078	17.65014715	14.25343489	20.89300868	22.19579708	19.113528	17.26697493	15.21579537	9.537294102	37.09388221	5.47866531	13.40881198	12.5231385	10.54709663	8.855870629	15.29950341	15.49275806	7.682372395	15.48978023	11.46899694	10.5405205	11.39363017	8.949735025	8.189166131
65965.79391	14.53422007	17.41987683	13.96021793	19.84349022	22.23608271	18.67751261	16.5871165	14.58041756	8.883812349	31.34722881	5.03056876	12.94544684	11.68752755	10.03754909	8.639765437	14.68307688	15.38310304	7.618046029	15.02217152	11.36350413	10.37565081	11.12688239	8.696558879	8.028173804
66865.79391	14.27882508	17.19019713	13.7089935	18.74976554	22.17884317	18.35389827	15.75531872	13.97252784	8.340163248	26.45300908	4.665966946	12.5924208	10.91813352	9.716132066	8.371082174	14.2102988	15.27733545	7.541347098	14.61479106	11.20117426	10.26628759	10.78357176	8.51260586	7.979016684
67765.79391	13.98084008	17.04788517	13.50795251	17.87466807	21.78968993	18.07708333	15.10593355	13.39727982	7.891390391	22.54265653	4.415515837	12.25863327	10.24011905	9.347362528	8.165677636	13.73708524	15.20745912	7.50588343	14.15640041	11.09758186	10.17637019	10.63651501	8.244035891	7.892860528
68665.79391	13.75087859	16.87022804	13.298568	17.18594108	21.18273239	17.77504134	14.54155163	12.90273032	7.472199181	19.79434973	4.170618264	11.98323266	9.656895498	8.995770125	8.024544535	13.44190167	15.12147079	7.454753323	13.78054947	11.01661824	10.01899454	10.32435906	8.068109651	7.747833386
69565.79391	13.42336571	16.78335758	13.14585213	16.73396753	20.01240137	17.51297613	13.97005773	12.4806419	7.136622065	17.81271971	3.995607889	11.81306198	9.105416333	8.683115389	7.926457156	13.16787422	15.08880349	7.417012052	13.42761681	10.9216889	9.90346268	10.04334376	7.818466247	7.672808904
70465.79391	13.23299486	16.68583294	12.98774398	16.21781549	19.42051635	17.18327175	13.31763285	12.06306835	6.800038647	16.31279501	3.867520366	11.67993178	8.591446388	8.42868812	7.761858693	12.92479373	15.03261716	7.397131136	13.07695728	10.85977225	9.82490255	9.752802964	7.692459935	7.333247893
71365.79391	13.04983107	16.60437345	12.86603572	15.82592091	18.65123951	16.92092865	12.94386684	11.71456089	6.52365303	14.97343892	3.768730236	11.54331358	8.23331833	8.236517895	7.681543898	12.77911124	15.04796849	7.342814058	12.81762956	10.79010458	9.727452383	9.511329081	7.462835096	7.072088176
