Time	B2	B3	B4	B5	B6	B7	C2	C3	C4	C5	C6	C7	D2	D3	D4	D5	D6	D7	E2	E3	E4	E5	E6	E7
2965.533016	1.252044332	-2.579122516	5.275914606	-8.119631454	-4.281378821	-11.31489658	-0.882910134	-5.29526323	6.260434176	-1.178299172	-0.679020783	1.452446128	-2.862491554	-0.556265639	-4.794977769	-2.956695224	3.219346004	-3.905466233	-2.932794342	1.46750149	-1.201076255	-4.376130434	5.007782655	-5.049422086
3865.533016	1.899982901	-2.069989147	4.861699601	-6.511370369	-3.662858929	-9.101327597	-0.455518626	-4.731213316	5.897227112	-0.626319575	-0.749372291	1.224888318	-1.652317438	-0.601161063	-4.172502402	-2.509786651	2.881401911	-3.162094685	-1.859771294	1.75550953	-0.656241745	-3.645055512	4.501358041	-4.350255227
4765.533016	1.773356278	-1.804466152	4.005546893	-5.202321198	-3.181835359	-7.513319707	0.014182883	-4.206673504	5.160693756	-0.036619687	-0.626900979	1.171697915	-0.889664616	-0.360112553	-3.480190685	-1.900681469	2.478225611	-2.448829723	-1.159981866	1.106710182	-0.144002119	-2.947600036	3.570203125	-3.792319006
5665.533016	1.813183182	-1.649721615	3.346921205	-4.051828246	-2.826380221	-6.368524432	0.452961949	-3.77214097	4.598982946	0.556851836	-0.567470328	1.119763186	-0.261265025	-0.166224702	-2.960938623	-1.363244836	2.202519945	-1.989317126	-0.521721764	0.647091518	0.184435979	-2.317333236	2.966901071	-3.356901241
6565.533016	1.904997127	-1.468202824	2.911459337	-2.947095316	-2.527515821	-5.659636434	1.072701477	-3.401824086	4.152592248	1.30122773	-0.43977292	1.007108608	0.430667899	-0.002415232	-2.554199873	-0.710693967	1.989135961	-1.584960405	0.187467132	0.511513555	0.433082403	-1.731397056	2.572094703	-3.061741191
7465.533016	2.301027277	-1.386233331	2.609121221	-1.725053053	-2.222330095	-5.065417934	1.916605272	-3.069152636	3.811352942	2.274541332	-0.27046648	0.983950485	1.425318869	0.216061628	-2.245047106	0.196708988	1.916242708	-1.333600916	1.187366426	0.508102857	0.598272447	-1.100013927	2.310670748	-2.829968677
8365.533016	3.066071222	-1.179361833	2.376902476	-0.271189047	-1.889180339	-4.555186332	3.24583847	-2.676060828	3.592511824	3.774120776	-0.017891245	0.98234798	2.871638192	0.431946756	-1.895560906	1.56480774	1.973105335	-1.015990726	2.596167381	0.668348958	0.762777996	-0.337570636	2.111441922	-2.633082287
9265.533016	4.439389188	-0.831941751	2.248094086	1.862982032	-1.618649513	-4.130654588	5.03143897	-2.171142332	3.458880313	6.107411136	0.372829176	0.97268344	5.206113445	0.836630328	-1.533332178	3.729545143	2.261275552	-0.828106429	4.946229133	0.972632446	0.918004777	0.607484531	2.066992562	-2.449994137
10165.53302	6.666991045	-0.30532551	2.261746092	4.622208162	-1.131915796	-3.702234485	6.729670166	-1.675671121	3.492095204	9.767745711	1.070581745	1.035561137	7.931162106	1.352514253	-1.118006996	6.958818954	2.749067834	-0.624385412	7.316259317	1.453046284	1.116496991	1.965672009	2.106396587	-2.319383841
11065.53302	9.43069991	0.455594461	2.254836559	6.287520691	-0.603892174	-3.413038468	8.405897626	-1.092259096	3.447166298	10.386471	1.781049308	1.103826156	8.650686489	1.91705439	-0.822889425	7.981389414	3.311622905	-0.442823129	8.352180155	2.037983442	1.324218791	3.823259654	2.199881418	-2.176566791
11965.53302	11.68610322	1.432737168	2.275952986	6.85628952	0.114545732	-3.054116028	9.931075118	-0.291538161	3.458852863	11.39595615	2.927502657	1.213674432	10.63663185	2.808353163	-0.487709856	9.341904622	4.333478363	-0.165708595	11.29922267	3.004323742	1.606460381	6.317593243	2.428683663	-1.995525611
12865.53302	13.73365773	2.937301107	2.447906669	9.850145738	1.238133771	-2.693200936	11.2624668	0.888777691	3.648271493	14.37340845	4.745147693	1.485189758	13.71470728	4.23170605	0.047668037	12.23357773	6.15045695	0.143505562	14.4381912	4.581803747	1.96264611	8.243161111	2.806622401	-1.820566447
13765.53302	17.32387706	5.348140101	2.845439392	13.35898135	3.01679807	-2.245051251	14.0271388	2.639478125	4.08776256	19.42968668	7.695998184	1.913096427	17.78168913	6.44155775	0.741790204	16.95943708	8.979320696	0.647571192	18.32658186	7.046120997	2.415098252	9.496573396	3.416222919	-1.633228161
14665.53302	20.83673634	8.85413786	3.465789942	17.94996353	5.103020093	-1.636421289	15.74669249	4.779964756	4.73258479	24.65542585	10.89188925	2.547783953	22.78981341	8.949198705	1.749003371	22.79076268	10.89815441	1.263468804	22.93529472	9.713359087	3.08908771	10.94282632	4.266892129	-1.381112425
15565.53302	24.82352178	10.85420099	4.344576055	22.8765068	7.191563528	-0.798609573	17.94364433	6.696904025	5.665115757	31.19688231	12.44418405	3.341473062	27.03123562	10.52872492	2.951575229	29.36815013	12.44719158	2.167072648	28.46460997	11.80882795	4.073873377	13.33518874	5.564088878	-1.038094586
16465.53302	29.97392964	13.02469091	5.644080128	28.94372399	8.586234443	0.329760021	20.5225826	8.831488224	6.943586083	38.52934022	16.61617949	4.692749653	32.73524553	12.73613403	4.703540254	37.55763776	15.06839724	3.516786385	34.71352913	14.66922405	5.559800536	16.19708564	7.412412401	-0.57862771
17365.53302	36.57424113	16.87214084	7.742377796	35.38405359	11.14495456	2.090906376	23.11142876	10.37147606	8.775768665	46.52245003	21.21563133	6.907099448	39.53707286	15.70608503	7.197862293	45.23663652	20.06929435	5.807522493	41.741012	18.6080323	7.64098147	18.83277432	9.456113019	0.128209963
18265.53302	42.47778774	21.36346628	10.5725174	40.35368791	14.33618538	4.791492381	25.44503173	12.20569652	11.27485659	53.58546075	26.64051775	9.795155518	45.02423094	19.17997976	10.69377714	51.58182088	25.23533586	9.202600616	47.0560844	22.99842315	9.848400804	21.06299142	11.03649193	1.014827724
19165.53302	46.86411149	26.305838	12.47540472	44.50537497	18.2302993	8.500683084	27.96963464	14.27366103	13.37600289	59.07326792	33.45274546	12.00182917	50.50753344	23.62056233	14.1655126	55.63712781	31.23875702	12.12882867	51.08451751	28.58495318	11.79218451	23.5292432	12.88095476	1.963585633
20065.53302	51.06263704	31.89581241	13.76764221	47.62263131	21.75910868	10.25812461	30.93519541	16.16825795	14.47218914	63.44509213	41.21414269	14.35284103	54.32937991	28.48442073	15.51497035	59.01707984	37.9815907	15.72302228	54.80297413	35.06896618	14.54129321	26.04626645	14.88342231	3.060759442
20965.53302	54.89743209	37.81506753	16.37643032	50.3828597	26.13501929	12.77896619	33.40439883	18.09339853	15.6028319	65.8577547	48.91783869	18.45978623	57.72107718	33.50839913	18.43518838	60.54665247	45.80637976	19.45940042	56.97951207	42.26032938	17.99858163	28.54992534	16.62361151	4.337527602
21865.53302	58.23113744	44.45187236	19.93077321	52.64569019	30.53343697	16.94570717	36.24475923	19.84592249	17.00186484	65.5279647	55.19233095	22.90367043	59.62040888	39.41699837	22.69635372	59.31894543	52.68292227	24.67664226	57.51461182	49.15530685	22.14874535	31.14006403	18.06390664	5.78977609
22765.53302	59.52350963	48.90180595	23.81554182	53.32637977	35.3982642	22.42300465	39.31777787	22.0634581	18.31331736	64.03393946	59.8500467	27.78351801	59.91738262	44.93496558	27.84090465	59.27612834	58.49962417	30.66012841	55.67137184	54.47629299	25.91094173	33.72698642	19.7573571	7.297581288
23665.53302	58.30123224	51.64519501	28.49372813	53.48181881	39.64466551	28.32017358	41.45653645	24.13911865	20.24089748	62.61694974	64.03772335	34.19455872	60.05282029	49.45045129	33.44123128	58.75681251	62.39264581	37.50233913	52.8734711	57.44549443	31.02957476	36.33181957	20.94265705	8.509718639
24565.53302	58.82259004	55.09226417	34.21507152	51.92555928	43.19190169	34.68856099	45.3335811	26.24493237	21.5508266	59.54101548	66.10264635	39.71330414	60.69392685	53.16400961	39.27689302	56.89412664	66.39607123	45.06462507	51.43543133	59.66075662	36.71909705	39.27216978	22.25441989	9.977472539
25465.53302	58.13466368	57.96682318	40.20790764	51.23446328	46.06200536	39.87058491	47.36469171	28.70204149	23.32061761	57.97593626	65.98733075	46.6997992	60.59426066	56.39520674	45.33654681	56.8090836	66.81182778	51.5066637	51.40670068	60.68903643	42.69264209	41.47833753	23.3899472	11.39962808
26365.53302	56.08104302	59.0101313	45.66481634	50.53129128	48.19222303	43.53394158	49.67564652	31.14585464	24.8562549	57.13796499	64.81485408	51.04494719	59.52415839	58.87518527	51.12333117	56.40065894	65.62209528	55.93200961	49.62442606	59.43688563	48.39487892	43.93101184	24.62490866	12.83049361
27265.53302	53.6957403	58.3030415	49.85609533	50.42101172	49.39111167	46.74909182	50.37420686	32.80467751	26.62975335	56.18272072	63.19422527	55.0850211	54.909224	59.90851845	54.71543159	54.76917569	63.46182377	57.34062464	48.45167379	57.80117566	53.01289456	46.46314457	25.86984059	14.03681554
28165.53302	52.67663093	57.53055194	52.61717211	50.73326704	49.7747464	49.24005751	51.10900725	34.60705413	28.40025178	55.46316926	60.60942441	58.18023798	49.7436112	59.57726732	57.86951804	52.68324818	59.91873619	58.33178912	46.42700308	57.31358284	55.90715988	47.86918496	26.94324609	15.30032014
29065.53302	50.88847729	57.25471675	54.06078872	50.90919993	49.70919119	51.72991717	51.24519396	36.65060797	30.03813225	54.254955	58.01323985	59.51189297	44.7724997	59.99767678	59.65221293	50.38376035	58.47796558	57.89398712	44.34880369	56.19460391	56.92630555	48.84631644	28.32071827	16.66343476
29965.53302	48.1836012	54.74475317	54.9645259	50.32772641	49.33750443	53.14402407	50.46925519	37.78980117	31.31309902	52.39938575	56.95335887	60.38934958	39.63460267	59.83412548	60.11084239	47.53773686	56.47771023	56.92015875	41.77107793	55.64063334	57.16924109	49.43122512	29.69890744	17.9711302
30865.53302	44.88786237	51.38638596	54.64864775	49.40448543	48.03263846	53.63948452	49.87545825	39.0275976	32.54601886	50.16515481	56.26738407	58.87225264	33.77899051	58.57059185	59.92733117	43.89573248	54.77335002	56.33952208	38.59221249	54.99092006	56.15044157	49.42527885	31.3067613	19.85072087
31765.53302	41.37928114	49.85295049	54.08519092	48.34552453	47.53461651	53.29578995	49.87234447	40.98621556	33.88427605	47.25559787	55.46995398	56.74295053	29.39511059	57.39855679	61.08907672	40.61550068	52.94617116	55.4562567	35.25578448	53.32301234	55.20239386	48.72700922	32.7856115	21.07145669
32665.53302	37.23334518	49.19837285	53.0271747	46.57211215	46.38935074	51.48182886	49.79962381	41.92507415	35.03111919	44.24521143	54.23696775	55.20062639	25.15604483	53.51547594	60.82499511	37.91529817	50.53115736	53.53401582	32.09548739	51.46990795	53.37648316	47.56361699	34.6320535	22.67416249
33565.53302	33.20816655	48.12220807	52.62870088	44.63448196	46.01284772	49.98134281	48.88401138	43.52046791	35.69844748	42.07869062	52.27331023	50.86396522	21.31858326	50.78528735	59.16207738	35.34381655	47.9601952	50.78123867	29.14665547	50.0951164	51.51577033	46.59338391	35.5761539	24.3667709
34465.53302	28.36910753	46.48559062	50.68872428	42.13679946	44.17732609	47.92391813	48.34678019	43.54079751	37.19000995	40.5849032	50.23971046	48.21927835	18.69367339	46.57963555	57.35621026	33.16378507	44.51465671	49.48044532	27.17628495	47.85692991	50.64644681	46.7543699	37.36888514	26.48848416
35365.53302	24.4481555	44.59343101	49.18348216	39.55458123	43.23316933	45.76036542	47.21676159	44.93573881	38.5292263	39.04726578	47.36591415	47.19132637	17.23629318	42.64561803	56.28097234	31.41501866	40.10568744	48.39770966	25.51885962	45.09684761	49.91411699	46.77370574	38.47223131	28.71027539
36265.53302	21.26304776	40.97851119	47.17467154	37.34114473	42.64182543	44.88614442	45.37754261	43.47158006	39.42095661	36.91450947	44.09423746	46.18069816	16.03732932	37.91468804	49.90823532	29.45691317	35.32290176	46.62447207	23.97043999	42.21548541	48.27518556	46.50001319	39.69151577	31.1524257
37165.53302	18.89484447	37.25758775	44.23200164	34.82047839	41.09162568	43.9949014	43.72185671	43.69169106	40.26352521	34.57006124	41.0910819	44.72679246	14.92755007	33.90919278	46.78082299	27.6825588	31.17302068	44.91684329	23.01489753	39.47795241	46.49525567	45.74137406	40.17157919	33.58801123
38065.53302	17.26635868	33.52947149	42.7193131	31.82542685	39.31955338	42.88352314	41.4434766	42.04234186	40.53769067	32.69311906	39.0616706	43.52940963	13.90304333	29.43131902	43.39192381	26.15430729	27.89301614	43.09030477	22.28429311	36.5871616	44.90478894	44.73761944	40.53977558	36.09916041
38965.53302	15.90541617	29.68604498	41.15595713	29.46392717	37.71378869	42.30378519	38.5408943	41.91983214	42.19626213	31.28851461	37.46907618	42.08549944	12.994345	25.02047843	38.19749744	24.82284227	26.15529036	41.30069025	21.95829309	34.64699545	42.73872186	43.11601094	41.14568779	38.48941316
39865.53302	14.69459658	25.60177938	39.55182421	27.37137045	36.03264498	41.3568309	36.18117194	40.97447664	41.08369634	29.99582922	35.22528015	40.18182198	12.18871718	20.82083866	33.0545244	23.64432369	24.69194266	39.33467919	21.78863721	33.59082086	39.82695399	40.77495376	40.89128788	40.16189843
40765.53302	13.74102844	21.98138328	37.78171794	25.58413672	33.98273992	39.74827623	34.34210073	41.57573943	41.25111509	29.06340281	32.98915326	37.75191986	11.57125247	18.19916945	28.49188128	22.67544577	23.29667712	36.99832317	21.48056235	32.92468329	37.3286718	38.53722221	40.78499226	41.38053845
41665.53302	12.99308426	20.04738715	35.53246902	24.11958412	31.9404274	38.2823172	32.24667898	40.11156899	40.02907197	28.08243568	31.04652558	35.35145583	10.9953139	15.98771663	23.60654947	21.76985239	22.07506531	34.54317221	21.02524242	31.93391112	33.91393571	35.61497725	40.69724866	42.40739439
42565.53302	12.28112107	18.47685289	32.01313557	22.9093701	29.65424424	36.33926185	29.94589574	39.83898771	40.19701596	27.29578631	29.83600368	33.19101493	10.48823094	15.23053925	20.13557901	21.12567328	21.10020807	31.88020953	20.44045504	30.72935153	31.01491946	31.59100251	39.8210824	42.56194109
43465.53302	11.68644832	17.37090468	28.25711309	21.62256137	27.38859029	34.28882117	27.64276695	38.63675257	39.42793132	26.4022043	28.87509433	30.63436797	10.07859262	14.06379041	18.01104464	20.62600078	20.32163821	29.31162576	19.87556304	29.66218814	29.23303289	28.14710094	39.49163119	43.14898708
44365.53302	11.1712778	16.48762936	24.8439055	20.32431237	25.20938325	31.55053959	25.50272691	37.15462669	37.72729246	25.50296776	27.83415071	28.04850114	9.665035357	13.02630524	16.39910935	20.12516664	19.63021285	27.2836825	19.38095767	28.84510058	27.97330621	25.0562476	38.23413008	43.59998281
45265.53302	10.69697917	15.56037012	21.04939334	19.10052664	23.28250088	29.131447	23.85382697	36.189233	36.92547934	24.6806175	26.82272139	25.55957596	9.350454338	12.41749293	15.27151158	19.64300774	19.11617764	25.49995473	18.95932301	28.09993765	26.71636163	22.58884242	37.21291242	43.13751324
46165.53302	10.30258558	14.59146335	18.49193468	17.98962026	21.61771858	26.6771671	22.55835483	34.38128565	36.54344361	24.00194733	25.76310598	23.22080002	9.14096858	11.87968087	14.30171698	19.06311094	18.91728379	23.79570935	18.54936786	27.45404376	25.54436664	20.9064432	36.29923539	42.62021592
47065.53302	9.911160329	13.587334	16.3421694	16.97267343	19.93882821	23.87286771	21.47109896	32.76800488	35.28217859	23.29584892	24.76136133	21.55908664	8.960056783	11.36978444	13.56232231	18.43166868	18.54458543	22.30569018	18.17324515	26.92648197	24.41577971	19.67730009	35.25505367	42.2499588
47965.53302	9.587121419	12.69058969	15.12653453	16.06264568	18.30155595	20.860699	20.53388726	30.95864196	33.71977356	22.62298357	23.83062076	20.88668815	8.783697967	10.93410378	12.82465119	17.81317496	18.193416	21.03067462	17.78211683	26.33404184	23.23071753	18.86109127	34.04279051	41.66528282
48865.53302	9.269301596	11.8904736	14.00902236	15.178189	16.9116981	18.48800289	19.65181066	28.8226322	32.94420788	22.13290272	22.92579866	19.95090298	8.643586564	10.52544985	12.22969253	17.34547942	17.81928074	20.3193555	17.48992348	25.84203099	22.30511254	18.25690911	32.14091214	40.47693715
49765.53302	8.965625101	11.15959484	12.96826934	14.38051067	15.6700308	17.21599435	18.86189769	26.39578353	31.3809227	21.58120568	22.05948095	19.0445626	8.487922841	10.0962349	11.52577906	16.90241849	17.54107511	19.8231916	17.16983729	25.32906557	21.5795247	17.80963418	30.51523786	39.97383447
50665.53302	8.707588162	10.49588555	12.22074256	13.70685362	14.67268349	16.33141021	18.12583656	24.29738324	30.25461183	21.04444357	21.23953236	18.11894155	8.340982581	9.714990714	11.03026852	16.51440496	17.3112072	19.38827735	16.90778934	24.76661256	20.96292611	17.43026629	29.12693373	38.69296009
51565.53302	8.516584933	9.950383937	11.69386625	13.12424966	13.73053797	15.73498798	17.51891338	22.97887118	28.82173395	20.60052627	20.52230215	17.20786333	8.275214637	9.39765092	10.64316925	16.19468166	17.07788273	18.85953315	16.65131475	24.20342595	20.40831827	17.03915717	27.21443927	36.73206878
52465.53302	8.335497839	9.485781505	11.24556618	12.61788271	12.84346787	15.14090269	16.91179064	21.90795936	27.34783028	20.14832648	19.90424442	16.48843466	8.202310844	9.111619101	10.26783648	15.93877316	16.86876509	18.27816571	16.4980413	23.63009067	19.86509503	16.5992211	24.33273158	35.00134828
53365.53302	8.120683434	9.075175773	10.76264358	12.15962304	11.9947915	14.48124668	16.43523347	21.03325033	26.66675091	19.79956426	19.32228964	15.93070069	8.104756476	8.858952675	9.969904782	15.64880699	16.62861183	17.71622327	16.37463175	23.15094663	19.37576444	16.24381639	22.26645975	33.15286007
54265.53302	7.973371758	8.708598936	10.24596075	11.69885864	11.28938657	13.69361	15.91331602	20.17003422	25.59074387	19.4875714	18.84001716	15.43273084	8.002664738	8.681483135	9.674817693	15.42037098	16.32504994	17.11446346	16.29780075	22.6456248	18.96796084	15.88199536	20.29971386	31.20108763
55165.53302	7.824654996	8.384747924	9.76977273	11.35486582	10.70915141	12.85430851	15.48556349	19.5160692	24.84351408	19.17357544	18.36066652	15.01333242	7.971768326	8.495909533	9.435039189	15.21683976	16.05460858	16.48037611	16.21248134	22.22570707	18.54902859	15.60992038	18.64131991	28.74685677
56065.53302	7.688216428	8.085872796	9.291009306	11.02273728	10.16976344	12.14517187	15.04876791	18.99066425	23.7188013	18.84722344	17.8861594	14.6347422	7.901860355	8.348317622	9.200394404	14.99436332	15.71439438	15.91013097	16.21053915	21.85719855	18.20965834	15.27742676	16.79760632	25.46815866
56965.53302	7.586675628	7.857601566	8.867880527	10.70482723	9.726409645	11.44799966	14.68608208	18.52330682	22.91964941	18.6134619	17.51726744	14.28176251	7.826403712	8.2421507	8.979820566	14.83210137	15.46081535	15.36254745	16.22568879	21.49203233	17.90635184	14.97939275	15.14929866	22.49889573
57865.53302	7.473825748	7.549016565	8.435540841	10.47557653	9.25359075	10.78477544	14.34369573	17.89546577	21.46719996	18.2783517	17.07318513	13.95651803	7.786896639	8.10628091	8.763434369	14.65648983	15.13246843	14.84758754	16.1627469	21.04870649	17.61810887	14.68085647	13.8529574	20.03761199
58765.53302	7.361077396	7.326761207	8.042929959	10.18941223	8.883115729	10.23468362	14.02623491	17.21610704	19.60354988	17.95940353	16.72008477	13.69567922	7.736046647	7.96630089	8.522361247	14.48895252	14.88413755	14.43756949	16.18178239	20.71699259	17.43260478	14.36606367	13.01621348	17.14281999
59665.53302	7.294409027	7.130567421	7.664121532	9.970563394	8.526930156	9.761545547	13.72397317	16.5591502	17.50777266	17.63984671	16.36292092	13.44026915	7.664819857	7.889861867	8.260329776	14.32595815	14.6104939	14.08880341	16.14596841	20.32751092	17.17254253	14.13149218	12.58014419	15.5132719
60565.53302	7.244212609	6.914209997	7.264171454	9.771139221	8.154645206	9.363791215	13.48963687	16.02079809	15.92149046	17.34793936	16.07198284	13.22318905	7.616380709	7.832799622	8.104153591	14.15489655	14.41298756	13.80877714	16.12766797	19.93838879	16.99623482	13.89109625	12.35779177	14.46340968
61465.53302	7.195020197	6.735471197	7.0511609	9.569738599	7.928463188	8.966931649	13.2296803	15.55419629	15.07469431	17.14356113	15.8052502	13.05713306	7.583681145	7.773805353	7.966609769	14.04276463	14.20210465	13.55909551	16.12507669	19.60854415	16.78009464	13.6732511	12.07705809	13.70086297
62365.53302	7.136101271	6.646585512	6.78027848	9.40271519	7.644570408	8.632842094	12.97994363	15.1735357	14.47503526	16.94394576	15.55143871	12.82295926	7.576268761	7.763054818	7.905560097	13.93665695	14.08069989	13.3103325	16.0473807	19.3000469	16.58845646	13.38692697	11.67482806	13.16515481
63265.53302	7.120228867	6.50565603	6.577017924	9.284266892	7.407304964	8.345688195	12.74128097	14.79667018	13.8740542	16.72735731	15.29819261	12.65238351	7.578262951	7.774299437	7.755204764	13.83317768	13.91213671	13.12096156	16.02876931	18.9388385	16.44194205	13.21316561	11.27160403	12.66201786
64165.53302	7.06677305	6.380098976	6.418829333	9.124247391	7.167845881	8.080416662	12.57262647	14.48853613	13.30597761	16.51473784	15.08892437	12.53559147	7.506041169	7.719188401	7.713819431	13.68097114	13.77675623	12.94254674	15.92747709	18.62035813	16.28220167	13.00382006	10.92684709	12.25003631
65065.53302	7.088288966	6.286844601	6.219530664	9.034824672	6.944941728	7.863778162	12.37768071	14.16385721	12.70384151	16.2955011	14.90294467	12.41964351	7.482435679	7.696495973	7.672960461	13.60260104	13.69230877	12.76723907	15.87127881	18.30948943	16.17830511	12.79614696	10.63541828	11.78967156
65965.53302	7.07332554	6.185284092	6.028129851	8.885297582	6.764145505	7.61801282	12.16215361	13.865535	12.02835072	16.00784364	14.69350308	12.33321024	7.464292256	7.718425187	7.61066822	13.4813824	13.55916448	12.63207037	15.7055545	18.00832557	16.04254491	12.63387739	10.30182322	11.3972285
66865.53302	7.079964902	6.119959125	5.864413299	8.811686844	6.605360182	7.466274835	11.99845578	13.60761908	11.37413499	15.7315997	14.52988734	12.33533713	7.470785844	7.707343556	7.533838752	13.40262447	13.47615028	12.4765759	15.54323897	17.74523208	15.91253367	12.41976067	10.00862574	11.00011788
67765.53302	7.050144802	6.05823306	5.719639374	8.735213244	6.439023963	7.291697054	11.80395169	13.35218955	10.81323206	15.49095762	14.31024713	12.2377194	7.4651488	7.683466226	7.487649838	13.2387613	13.42967392	12.33149929	15.37048445	17.44440079	15.8306731	12.28820012	9.773383036	10.71371441
68665.53302	7.065279058	5.981426394	5.590923615	8.649188494	6.345360141	7.125286025	11.66585967	13.1039281	10.42118246	15.28483269	14.12091586	12.22235768	7.488990962	7.67329173	7.475486257	13.1379093	13.33621597	12.25309727	15.14061383	17.18269433	15.71807317	12.11645633	9.618326623	10.43157355
69565.53302	7.066890233	5.922306793	5.482536594	8.551467648	6.21442527	6.989507899	11.50739129	12.89303701	10.06764225	15.04064272	13.90236378	12.15269378	7.440593037	7.683504054	7.451862023	13.07612298	13.28395764	12.12865717	14.96619542	16.91842	15.57596521	11.98622478	9.435133345	10.21959588
70465.53302	7.057510585	5.823003292	5.361835111	8.453385738	6.083197942	6.909315661	11.33484169	12.6693307	9.796146345	14.81477924	13.68167977	12.08001159	7.458923628	7.691902954	7.458819427	12.97420648	13.23750743	12.04190872	14.75217179	16.65080249	15.44545193	11.89180768	9.309373144	10.02806965
71365.53302	7.073909855	5.80874973	5.272979629	8.364144997	5.964753377	6.777080575	11.18063189	12.43925751	9.560660324	14.59152027	13.45006602	12.0368608	7.480060589	7.660140905	7.434134539	12.84860379	13.16575047	11.94693037	14.56933955	16.43154512	15.30417686	11.77554192	9.192036603	9.842098916
